968
207,107,10,164.14781,62.84521,-69.70882,173.00037,71.696945,-65.904495,175.95122,63.497803,-64.9395
213,105,10,85.95021,63.497803,-64.9395,88.90106,71.696945,-65.904495,97.75362,62.84521,-69.70882
213,102,10,164.14781,75.18652,-68.07743,173.00037,71.696945,-65.904495,164.14781,62.84521,-69.70882
208,102,10,97.75362,62.84521,-69.70882,88.90106,71.696945,-65.904495,97.75362,75.18652,-68.07743
206,108,10,164.14781,62.84521,-69.70882,156.03296,71.23081,-69.31115,164.14781,75.18652,-68.07743
214,103,10,97.75362,75.18652,-68.07743,105.86846,71.23081,-69.31115,97.75362,62.84521,-69.70882
202,100,10,164.14781,62.84521,-69.70882,152.34439,62.93844,-69.02749,156.03296,71.23081,-69.31115
204,109,10,105.86846,71.23081,-69.31115,109.55703,62.93844,-69.02749,97.75362,62.84521,-69.70882
206,105,10,164.14781,62.84521,-69.70882,156.03296,53.892212,-68.71803,152.34439,62.93844,-69.02749
219,105,10,109.55703,62.93844,-69.02749,105.86846,53.892212,-68.71803,97.75362,62.84521,-69.70882
202,109,10,164.14781,62.84521,-69.70882,164.14781,50.30941,-67.22643,156.03296,53.892212,-68.71803
206,107,10,105.86846,53.892212,-68.71803,97.75362,50.30941,-67.22643,97.75362,62.84521,-69.70882
209,103,10,164.14781,62.84521,-69.70882,173.00037,54.358353,-65.31138,164.14781,50.30941,-67.22643
218,109,10,97.75362,50.30941,-67.22643,88.90106,54.358353,-65.31138,97.75362,62.84521,-69.70882
212,109,10,164.14781,62.84521,-69.70882,175.95122,63.497803,-64.9395,173.00037,54.358353,-65.31138
213,109,10,88.90106,54.358353,-65.31138,85.95021,63.497803,-64.9395,97.75362,62.84521,-69.70882
213,103,10,139.80328,160.5422,-58.675903,135.37698,170.71518,-56.28582,139.80328,166.85269,-56.83821
211,103,10,122.09815,166.85269,-56.83821,126.52444,170.71518,-56.28582,122.09815,160.5422,-58.675903
211,109,10,130.95071,49.71792,-49.408672,141.2787,44.34773,-49.909492,130.95071,34.259937,-46.141808
210,109,10,130.95071,34.259937,-46.141808,120.62273,44.34773,-49.909492,130.95071,49.71792,-49.408672
216,102,10,151.60669,118.10791,-36.68871,150.86897,131.83157,-13.884479,169.3118,110.91017,-11.799761
206,109,10,92.58963,110.91017,-11.799761,111.032455,131.83157,-13.884479,110.29475,118.10791,-36.68871
205,105,10,172.26265,99.54932,-39.47646,150.13126,106.71493,-42.45966,150.86897,112.36481,-39.91485
217,106,10,111.032455,112.36481,-39.91485,111.77017,106.71493,-42.45966,89.63877,99.54932,-39.47646
200,108,10,162.67238,98.74414,59.80652,176.68893,100.36114,49.4834,163.4101,116.85265,48.234737
202,101,10,98.49133,116.85265,48.234737,85.212494,100.36114,49.4834,99.22904,98.74414,59.80652
217,104,10,199.55804,96.93581,7.8448396,198.82033,100.40932,16.62478,198.82033,94.56496,18.193745
217,103,10,63.0811,94.56496,18.193745,63.0811,100.40932,16.62478,62.343384,96.93581,7.8448396
215,108,10,229.06657,69.37604,38.90649,233.49286,74.37332,36.681984,243.08313,68.70738,45.090046
206,103,10,18.818298,68.70738,45.090046,28.40857,74.37332,36.681984,32.834854,69.37604,38.90649
214,100,10,248.98483,57.39157,50.9533,260.05054,73.416954,46.29798,254.88654,97.15927,48.22389
207,103,10,7.0148926,97.15927,48.22389,1.8509064,73.416954,46.29798,12.916595,57.39157,50.9533
206,109,10,56.44168,112.07395,29.916162,70.45824,101.978134,39.160282,74.88451,110.116165,15.60821
214,109,10,56.44168,112.07395,29.916162,74.88451,110.116165,15.60821,57.9171,111.15773,12.149979
218,102,10,187.01692,110.116165,15.60821,191.44319,101.978134,39.160282,205.45975,112.07395,29.916162
216,107,10,187.01692,110.116165,15.60821,205.45975,112.07395,29.916162,203.98433,111.15773,12.149979
209,101,10,56.44168,112.07395,29.916162,49.80226,63.726166,36.361683,57.9171,75.68654,40.744183
213,107,10,56.44168,112.07395,29.916162,57.9171,75.68654,40.744183,70.45824,101.978134,39.160282
213,105,10,203.98433,75.68654,40.744183,212.09917,63.726166,36.361683,205.45975,112.07395,29.916162
207,107,10,203.98433,75.68654,40.744183,205.45975,112.07395,29.916162,191.44319,101.978134,39.160282
208,105,10,46.85141,59.693283,23.493753,53.49083,66.858894,20.510551,49.80226,63.726166,36.361683
218,103,10,53.49083,66.858894,20.510551,57.9171,75.68654,40.744183,49.80226,63.726166,36.361683
219,108,10,203.98433,75.68654,40.744183,208.4106,66.858894,20.510551,212.09917,63.726166,36.361683
213,107,10,208.4106,66.858894,20.510551,215.05002,59.693283,23.493753,212.09917,63.726166,36.361683
212,100,10,7.0148926,97.15927,48.22389,12.916595,57.39157,50.9533,34.310287,59.66116,45.399498
202,103,10,7.0148926,97.15927,48.22389,34.310287,59.66116,45.399498,32.834854,110.26247,44.353054
200,105,10,227.59114,59.66116,45.399498,248.98483,57.39157,50.9533,254.88654,97.15927,48.22389
214,103,10,227.59114,59.66116,45.399498,254.88654,97.15927,48.22389,229.06657,110.26247,44.353054
208,104,10,56.44168,112.07395,29.916162,32.834854,110.26247,44.353054,49.80226,63.726166,36.361683
206,103,10,32.834854,110.26247,44.353054,34.310287,59.66116,45.399498,49.80226,63.726166,36.361683
213,101,10,227.59114,59.66116,45.399498,229.06657,110.26247,44.353054,212.09917,63.726166,36.361683
202,101,10,229.06657,110.26247,44.353054,205.45975,112.07395,29.916162,212.09917,63.726166,36.361683
206,107,10,34.310287,59.66116,45.399498,34.310287,53.84089,30.539154,49.80226,63.726166,36.361683
218,100,10,34.310287,53.84089,30.539154,46.85141,59.693283,23.493753,49.80226,63.726166,36.361683
206,103,10,215.05002,59.693283,23.493753,227.59114,53.84089,30.539154,212.09917,63.726166,36.361683
215,107,10,227.59114,53.84089,30.539154,227.59114,59.66116,45.399498,212.09917,63.726166,36.361683
216,106,10,12.916595,57.39157,50.9533,14.392029,52.13067,40.18094,34.310287,59.66116,45.399498
201,107,10,14.392029,52.13067,40.18094,34.310287,53.84089,30.539154,34.310287,59.66116,45.399498
209,107,10,227.59114,53.84089,30.539154,247.5094,52.13067,40.18094,227.59114,59.66116,45.399498
210,100,10,247.5094,52.13067,40.18094,248.98483,57.39157,50.9533,227.59114,59.66116,45.399498
215,106,10,1.8509064,73.416954,46.29798,3.3263245,70.22312,39.562035,12.916595,57.39157,50.9533
208,108,10,3.3263245,70.22312,39.562035,14.392029,52.13067,40.18094,12.916595,57.39157,50.9533
203,101,10,247.5094,52.13067,40.18094,258.5751,70.22312,39.562035,248.98483,57.39157,50.9533
203,106,10,258.5751,70.22312,39.562035,260.05054,73.416954,46.29798,248.98483,57.39157,50.9533
212,104,10,7.0148926,97.15927,48.22389,9.965744,95.94731,39.366585,1.8509064,73.416954,46.29798
219,103,10,9.965744,95.94731,39.366585,3.3263245,70.22312,39.562035,1.8509064,73.416954,46.29798
213,100,10,258.5751,70.22312,39.562035,251.93568,95.94731,39.366585,260.05054,73.416954,46.29798
209,109,10,251.93568,95.94731,39.366585,254.88654,97.15927,48.22389,260.05054,73.416954,46.29798
217,103,10,32.834854,110.26247,44.353054,32.834854,109.81239,29.993526,9.965744,95.94731,39.366585
219,101,10,32.834854,110.26247,44.353054,9.965744,95.94731,39.366585,7.0148926,97.15927,48.22389
214,107,10,251.93568,95.94731,39.366585,229.06657,109.81239,29.993526,229.06657,110.26247,44.353054
218,105,10,251.93568,95.94731,39.366585,229.06657,110.26247,44.353054,254.88654,97.15927,48.22389
208,109,10,56.44168,112.07395,29.916162,57.9171,111.15773,12.149979,32.834854,109.81239,29.993526
207,108,10,56.44168,112.07395,29.916162,32.834854,109.81239,29.993526,32.834854,110.26247,44.353054
214,108,10,229.06657,109.81239,29.993526,203.98433,111.15773,12.149979,205.45975,112.07395,29.916162
219,104,10,229.06657,109.81239,29.993526,205.45975,112.07395,29.916162,229.06657,110.26247,44.353054
211,104,10,26.195435,80.40414,36.47568,28.40857,74.37332,36.681984,18.818298,68.70738,45.090046
205,107,10,26.195435,80.40414,36.47568,18.818298,68.70738,45.090046,12.178879,78.600685,45.43614
212,104,10,243.08313,68.70738,45.090046,233.49286,74.37332,36.681984,235.706,80.40414,36.47568
206,102,10,243.08313,68.70738,45.090046,235.706,80.40414,36.47568,249.72253,78.600685,45.43614
219,103,10,31.359436,82.572464,35.716988,26.195435,80.40414,36.47568,16.605164,93.5845,44.23905
211,106,10,26.195435,80.40414,36.47568,12.178879,78.600685,45.43614,16.605164,93.5845,44.23905
208,100,10,249.72253,78.600685,45.43614,235.706,80.40414,36.47568,245.29626,93.5845,44.23905
212,102,10,235.706,80.40414,36.47568,230.54199,82.572464,35.716988,245.29626,93.5845,44.23905
208,105,10,36.523422,88.416824,34.148026,31.359436,82.572464,35.716988,32.097137,101.13105,38.504738
209,101,10,31.359436,82.572464,35.716988,16.605164,93.5845,44.23905,32.097137,101.13105,38.504738
206,103,10,245.29626,93.5845,44.23905,230.54199,82.572464,35.716988,229.80429,101.13105,38.504738
214,107,10,230.54199,82.572464,35.716988,225.378,88.416824,34.148026,229.80429,101.13105,38.504738
206,100,10,42.425125,94.07473,31.216398,36.523422,88.416824,34.148026,32.097137,101.13105,38.504738
212,100,10,42.425125,94.07473,31.216398,32.097137,101.13105,38.504738,47.589127,100.7742,24.826542
218,106,10,229.80429,101.13105,38.504738,225.378,88.416824,34.148026,219.4763,94.07473,31.216398
210,105,10,229.80429,101.13105,38.504738,219.4763,94.07473,31.216398,214.3123,100.7742,24.826542
201,108,10,42.425125,94.07473,31.216398,47.589127,100.7742,24.826542,50.539978,98.411385,29.69901
204,107,10,47.589127,100.7742,24.826542,54.228546,101.426796,29.59586,50.539978,98.411385,29.69901
206,105,10,207.67288,101.426796,29.59586,214.3123,100.7742,24.826542,211.36145,98.411385,29.69901
219,103,10,214.3123,100.7742,24.826542,219.4763,94.07473,31.216398,211.36145,98.411385,29.69901
218,105,10,51.27768,83.33435,30.214764,46.85141,89.45839,30.689795,52.753113,92.38057,29.905312
218,103,10,51.27768,83.33435,30.214764,52.753113,92.38057,29.905312,58.654816,90.87286,29.956886
211,105,10,209.14832,92.38057,29.905312,215.05002,89.45839,30.689795,210.62375,83.33435,30.214764
212,100,10,209.14832,92.38057,29.905312,210.62375,83.33435,30.214764,203.24661,90.87286,29.956886
202,100,10,46.85141,89.45839,30.689795,51.27768,83.33435,30.214764,40.21199,83.70726,32.94009
203,104,10,51.27768,83.33435,30.214764,46.85141,77.30353,30.421066,40.21199,83.70726,32.94009
209,108,10,215.05002,77.30353,30.421066,210.62375,83.33435,30.214764,221.68944,83.70726,32.94009
203,107,10,210.62375,83.33435,30.214764,215.05002,89.45839,30.689795,221.68944,83.70726,32.94009
218,108,10,35.04799,77.95612,35.190384,40.21199,83.70726,32.94009,40.949707,72.30625,32.645573
216,108,10,40.21199,83.70726,32.94009,46.85141,77.30353,30.421066,40.949707,72.30625,32.645573
209,103,10,215.05002,77.30353,30.421066,221.68944,83.70726,32.94009,220.95172,72.30625,32.645573
207,105,10,221.68944,83.70726,32.94009,226.85344,77.95612,35.190384,220.95172,72.30625,32.645573
204,106,10,35.04799,77.95612,35.190384,40.949707,72.30625,32.645573,32.834854,69.37604,38.90649
204,105,10,35.04799,77.95612,35.190384,32.834854,69.37604,38.90649,28.40857,74.37332,36.681984
204,102,10,229.06657,69.37604,38.90649,220.95172,72.30625,32.645573,226.85344,77.95612,35.190384
216,101,10,229.06657,69.37604,38.90649,226.85344,77.95612,35.190384,233.49286,74.37332,36.681984
215,107,10,26.195435,80.40414,36.47568,31.359436,82.572464,35.716988,28.40857,74.37332,36.681984
209,103,10,31.359436,82.572464,35.716988,35.04799,77.95612,35.190384,28.40857,74.37332,36.681984
206,101,10,226.85344,77.95612,35.190384,230.54199,82.572464,35.716988,233.49286,74.37332,36.681984
207,104,10,230.54199,82.572464,35.716988,235.706,80.40414,36.47568,233.49286,74.37332,36.681984
204,105,10,31.359436,82.572464,35.716988,36.523422,88.416824,34.148026,40.21199,83.70726,32.94009
218,106,10,31.359436,82.572464,35.716988,40.21199,83.70726,32.94009,35.04799,77.95612,35.190384
208,101,10,221.68944,83.70726,32.94009,225.378,88.416824,34.148026,230.54199,82.572464,35.716988
209,103,10,221.68944,83.70726,32.94009,230.54199,82.572464,35.716988,226.85344,77.95612,35.190384
218,103,10,36.523422,88.416824,34.148026,42.425125,94.07473,31.216398,40.21199,83.70726,32.94009
205,103,10,42.425125,94.07473,31.216398,46.85141,89.45839,30.689795,40.21199,83.70726,32.94009
213,106,10,215.05002,89.45839,30.689795,219.4763,94.07473,31.216398,221.68944,83.70726,32.94009
218,109,10,219.4763,94.07473,31.216398,225.378,88.416824,34.148026,221.68944,83.70726,32.94009
206,101,10,42.425125,94.07473,31.216398,50.539978,98.411385,29.69901,46.85141,89.45839,30.689795
208,105,10,50.539978,98.411385,29.69901,52.753113,92.38057,29.905312,46.85141,89.45839,30.689795
207,102,10,209.14832,92.38057,29.905312,211.36145,98.411385,29.69901,215.05002,89.45839,30.689795
212,101,10,211.36145,98.411385,29.69901,219.4763,94.07473,31.216398,215.05002,89.45839,30.689795
200,101,10,32.097137,101.13105,38.504738,32.834854,100.478455,33.73542,47.589127,100.7742,24.826542
210,103,10,32.834854,100.478455,33.73542,47.589127,100.87546,20.031437,47.589127,100.7742,24.826542
204,108,10,214.3123,100.87546,20.031437,229.06657,100.478455,33.73542,214.3123,100.7742,24.826542
215,104,10,229.06657,100.478455,33.73542,229.80429,101.13105,38.504738,214.3123,100.7742,24.826542
208,106,10,16.605164,93.5845,44.23905,18.818298,92.36451,40.858185,32.097137,101.13105,38.504738
202,108,10,18.818298,92.36451,40.858185,32.834854,100.478455,33.73542,32.097137,101.13105,38.504738
216,106,10,229.06657,100.478455,33.73542,243.08313,92.36451,40.858185,229.80429,101.13105,38.504738
205,107,10,243.08313,92.36451,40.858185,245.29626,93.5845,44.23905,229.80429,101.13105,38.504738
218,105,10,12.178879,78.600685,45.43614,14.392029,77.28747,41.37394,16.605164,93.5845,44.23905
202,106,10,14.392029,77.28747,41.37394,18.818298,92.36451,40.858185,16.605164,93.5845,44.23905
204,100,10,243.08313,92.36451,40.858185,247.5094,77.28747,41.37394,245.29626,93.5845,44.23905
210,105,10,247.5094,77.28747,41.37394,249.72253,78.600685,45.43614,245.29626,93.5845,44.23905
204,109,10,18.818298,68.70738,45.090046,20.293732,66.64031,41.053635,14.392029,77.28747,41.37394
200,105,10,18.818298,68.70738,45.090046,14.392029,77.28747,41.37394,12.178879,78.600685,45.43614
204,106,10,247.5094,77.28747,41.37394,241.6077,66.64031,41.053635,243.08313,68.70738,45.090046
214,102,10,247.5094,77.28747,41.37394,243.08313,68.70738,45.090046,249.72253,78.600685,45.43614
215,102,10,32.834854,69.37604,38.90649,34.310287,67.215744,34.18875,20.293732,66.64031,41.053635
211,100,10,32.834854,69.37604,38.90649,20.293732,66.64031,41.053635,18.818298,68.70738,45.090046
202,103,10,241.6077,66.64031,41.053635,227.59114,67.215744,34.18875,229.06657,69.37604,38.90649
209,105,10,241.6077,66.64031,41.053635,229.06657,69.37604,38.90649,243.08313,68.70738,45.090046
201,106,10,40.949707,72.30625,32.645573,41.68741,70.14595,27.927832,34.310287,67.215744,34.18875
208,108,10,40.949707,72.30625,32.645573,34.310287,67.215744,34.18875,32.834854,69.37604,38.90649
204,107,10,227.59114,67.215744,34.18875,220.21402,70.14595,27.927832,220.95172,72.30625,32.645573
212,101,10,227.59114,67.215744,34.18875,220.95172,72.30625,32.645573,229.06657,69.37604,38.90649
205,107,10,47.589127,100.7742,24.826542,47.589127,100.87546,20.031437,54.228546,100.86743,25.507874
215,104,10,47.589127,100.7742,24.826542,54.228546,100.86743,25.507874,54.228546,101.426796,29.59586
216,102,10,207.67288,100.86743,25.507874,214.3123,100.87546,20.031437,214.3123,100.7742,24.826542
200,100,10,207.67288,100.86743,25.507874,214.3123,100.7742,24.826542,207.67288,101.426796,29.59586
204,100,10,54.228546,101.426796,29.59586,54.228546,100.86743,25.507874,51.27768,97.85202,25.611023
212,104,10,54.228546,101.426796,29.59586,51.27768,97.85202,25.611023,50.539978,98.411385,29.69901
214,103,10,210.62375,97.85202,25.611023,207.67288,100.86743,25.507874,207.67288,101.426796,29.59586
213,105,10,210.62375,97.85202,25.611023,207.67288,101.426796,29.59586,211.36145,98.411385,29.69901
212,102,10,50.539978,98.411385,29.69901,51.27768,97.85202,25.611023,52.753113,92.38057,29.905312
210,107,10,51.27768,97.85202,25.611023,53.49083,91.06735,25.843113,52.753113,92.38057,29.905312
212,100,10,208.4106,91.06735,25.843113,210.62375,97.85202,25.611023,209.14832,92.38057,29.905312
206,107,10,210.62375,97.85202,25.611023,211.36145,98.411385,29.69901,209.14832,92.38057,29.905312
212,107,10,52.753113,92.38057,29.905312,53.49083,91.06735,25.843113,58.654816,90.87286,29.956886
211,108,10,53.49083,91.06735,25.843113,59.392532,90.3135,25.8689,58.654816,90.87286,29.956886
209,101,10,202.5089,90.3135,25.8689,208.4106,91.06735,25.843113,203.24661,90.87286,29.956886
219,107,10,208.4106,91.06735,25.843113,209.14832,92.38057,29.905312,203.24661,90.87286,29.956886
218,107,10,58.654816,90.87286,29.956886,59.392532,90.3135,25.8689,52.015396,82.77498,26.126778
204,107,10,58.654816,90.87286,29.956886,52.015396,82.77498,26.126778,51.27768,83.33435,30.214764
219,102,10,209.88603,82.77498,26.126778,202.5089,90.3135,25.8689,203.24661,90.87286,29.956886
215,101,10,209.88603,82.77498,26.126778,203.24661,90.87286,29.956886,210.62375,83.33435,30.214764
205,103,10,51.27768,83.33435,30.214764,52.015396,82.77498,26.126778,46.85141,77.30353,30.421066
212,109,10,52.015396,82.77498,26.126778,46.85141,75.89709,25.677536,46.85141,77.30353,30.421066
214,102,10,215.05002,75.89709,25.677536,209.88603,82.77498,26.126778,215.05002,77.30353,30.421066
209,103,10,209.88603,82.77498,26.126778,210.62375,83.33435,30.214764,215.05002,77.30353,30.421066
211,100,10,46.85141,77.30353,30.421066,46.85141,75.89709,25.677536,41.68741,70.14595,27.927832
202,101,10,46.85141,77.30353,30.421066,41.68741,70.14595,27.927832,40.949707,72.30625,32.645573
201,104,10,220.21402,70.14595,27.927832,215.05002,75.89709,25.677536,215.05002,77.30353,30.421066
217,106,10,220.21402,70.14595,27.927832,215.05002,77.30353,30.421066,220.95172,72.30625,32.645573
203,104,10,63.0811,94.56496,18.193745,62.343384,96.93581,7.8448396,55.703964,79.01375,20.77928
209,106,10,62.343384,96.93581,7.8448396,49.80226,65.74819,6.8581424,55.703964,79.01375,20.77928
212,104,10,212.09917,65.74819,6.8581424,199.55804,96.93581,7.8448396,206.19746,79.01375,20.77928
207,105,10,199.55804,96.93581,7.8448396,198.82033,94.56496,18.193745,206.19746,79.01375,20.77928
203,105,10,51.27768,70.72138,21.062944,55.703964,79.01375,20.77928,53.49083,66.858894,20.510551
206,101,10,55.703964,79.01375,20.77928,49.80226,65.74819,6.8581424,53.49083,66.858894,20.510551
216,100,10,212.09917,65.74819,6.8581424,206.19746,79.01375,20.77928,208.4106,66.858894,20.510551
206,100,10,206.19746,79.01375,20.77928,210.62375,70.72138,21.062944,208.4106,66.858894,20.510551
209,109,10,46.85141,75.89709,25.677536,51.27768,70.72138,21.062944,41.68741,70.14595,27.927832
200,101,10,51.27768,70.72138,21.062944,43.90056,64.02994,21.976364,41.68741,70.14595,27.927832
205,105,10,218.00087,64.02994,21.976364,210.62375,70.72138,21.062944,220.21402,70.14595,27.927832
211,108,10,210.62375,70.72138,21.062944,215.05002,75.89709,25.677536,220.21402,70.14595,27.927832
211,106,10,52.015396,82.77498,26.126778,55.703964,79.01375,20.77928,46.85141,75.89709,25.677536
219,106,10,55.703964,79.01375,20.77928,51.27768,70.72138,21.062944,46.85141,75.89709,25.677536
201,108,10,210.62375,70.72138,21.062944,206.19746,79.01375,20.77928,215.05002,75.89709,25.677536
205,102,10,206.19746,79.01375,20.77928,209.88603,82.77498,26.126778,215.05002,75.89709,25.677536
206,107,10,63.0811,94.56496,18.193745,55.703964,79.01375,20.77928,59.392532,90.3135,25.8689
218,109,10,55.703964,79.01375,20.77928,52.015396,82.77498,26.126778,59.392532,90.3135,25.8689
204,102,10,209.88603,82.77498,26.126778,206.19746,79.01375,20.77928,202.5089,90.3135,25.8689
211,103,10,206.19746,79.01375,20.77928,198.82033,94.56496,18.193745,202.5089,90.3135,25.8689
217,108,10,51.27768,97.85202,25.611023,63.0811,94.56496,18.193745,59.392532,90.3135,25.8689
210,106,10,51.27768,97.85202,25.611023,59.392532,90.3135,25.8689,53.49083,91.06735,25.843113
219,108,10,202.5089,90.3135,25.8689,198.82033,94.56496,18.193745,210.62375,97.85202,25.611023
215,104,10,202.5089,90.3135,25.8689,210.62375,97.85202,25.611023,208.4106,91.06735,25.843113
216,107,10,63.0811,100.40932,16.62478,63.0811,94.56496,18.193745,54.228546,100.86743,25.507874
211,100,10,63.0811,94.56496,18.193745,51.27768,97.85202,25.611023,54.228546,100.86743,25.507874
206,101,10,210.62375,97.85202,25.611023,198.82033,94.56496,18.193745,207.67288,100.86743,25.507874
217,109,10,198.82033,94.56496,18.193745,198.82033,100.40932,16.62478,207.67288,100.86743,25.507874
215,108,10,54.228546,100.86743,25.507874,47.589127,100.87546,20.031437,52.753113,104.46629,13.063399
210,108,10,54.228546,100.86743,25.507874,52.753113,104.46629,13.063399,63.0811,100.40932,16.62478
214,108,10,209.14832,104.46629,13.063399,214.3123,100.87546,20.031437,207.67288,100.86743,25.507874
202,100,10,209.14832,104.46629,13.063399,207.67288,100.86743,25.507874,198.82033,100.40932,16.62478
212,100,10,43.90056,64.02994,21.976364,51.27768,70.72138,21.062944,53.49083,66.858894,20.510551
200,108,10,43.90056,64.02994,21.976364,53.49083,66.858894,20.510551,46.85141,59.693283,23.493753
206,106,10,208.4106,66.858894,20.510551,210.62375,70.72138,21.062944,218.00087,64.02994,21.976364
204,102,10,208.4106,66.858894,20.510551,218.00087,64.02994,21.976364,215.05002,59.693283,23.493753
209,107,10,62.343384,96.93581,7.8448396,61.605667,99.78082,-4.5738463,50.539978,72.8286,-2.2828264
218,104,10,62.343384,96.93581,7.8448396,50.539978,72.8286,-2.2828264,49.80226,65.74819,6.8581424
212,106,10,211.36145,72.8286,-2.2828264,200.29576,99.78082,-4.5738463,199.55804,96.93581,7.8448396
216,104,10,211.36145,72.8286,-2.2828264,199.55804,96.93581,7.8448396,212.09917,65.74819,6.8581424
209,104,10,52.753113,104.46629,13.063399,57.9171,111.15773,12.149979,63.0811,100.40932,16.62478
209,107,10,57.9171,111.15773,12.149979,74.88451,110.116165,15.60821,63.0811,100.40932,16.62478
211,103,10,187.01692,110.116165,15.60821,203.98433,111.15773,12.149979,198.82033,100.40932,16.62478
214,103,10,203.98433,111.15773,12.149979,209.14832,104.46629,13.063399,198.82033,100.40932,16.62478
204,102,10,63.0811,100.40932,16.62478,74.88451,110.116165,15.60821,62.343384,96.93581,7.8448396
205,109,10,74.88451,110.116165,15.60821,61.605667,99.78082,-4.5738463,62.343384,96.93581,7.8448396
201,103,10,200.29576,99.78082,-4.5738463,187.01692,110.116165,15.60821,199.55804,96.93581,7.8448396
200,106,10,187.01692,110.116165,15.60821,198.82033,100.40932,16.62478,199.55804,96.93581,7.8448396
208,100,10,41.68741,70.14595,27.927832,43.90056,64.02994,21.976364,35.04799,59.592022,28.288858
210,107,10,41.68741,70.14595,27.927832,35.04799,59.592022,28.288858,34.310287,67.215744,34.18875
213,107,10,226.85344,59.592022,28.288858,218.00087,64.02994,21.976364,220.21402,70.14595,27.927832
219,101,10,226.85344,59.592022,28.288858,220.21402,70.14595,27.927832,227.59114,67.215744,34.18875
211,108,10,20.293732,66.64031,41.053635,34.310287,67.215744,34.18875,18.818298,58.542427,37.223526
212,101,10,34.310287,67.215744,34.18875,35.04799,59.592022,28.288858,18.818298,58.542427,37.223526
210,104,10,226.85344,59.592022,28.288858,227.59114,67.215744,34.18875,243.08313,58.542427,37.223526
211,109,10,227.59114,67.215744,34.18875,241.6077,66.64031,41.053635,243.08313,58.542427,37.223526
218,100,10,14.392029,77.28747,41.37394,20.293732,66.64031,41.053635,11.441177,73.05207,38.096222
215,104,10,20.293732,66.64031,41.053635,18.818298,58.542427,37.223526,11.441177,73.05207,38.096222
209,104,10,243.08313,58.542427,37.223526,241.6077,66.64031,41.053635,250.46025,73.05207,38.096222
217,106,10,241.6077,66.64031,41.053635,247.5094,77.28747,41.37394,250.46025,73.05207,38.096222
214,101,10,18.818298,92.36451,40.858185,14.392029,77.28747,41.37394,16.605164,93.406075,37.399952
213,108,10,14.392029,77.28747,41.37394,11.441177,73.05207,38.096222,16.605164,93.406075,37.399952
210,107,10,250.46025,73.05207,38.096222,247.5094,77.28747,41.37394,245.29626,93.406075,37.399952
210,109,10,247.5094,77.28747,41.37394,243.08313,92.36451,40.858185,245.29626,93.406075,37.399952
215,100,10,32.834854,100.478455,33.73542,18.818298,92.36451,40.858185,16.605164,93.406075,37.399952
212,104,10,32.834854,100.478455,33.73542,16.605164,93.406075,37.399952,33.57257,103.50189,28.155834
216,105,10,245.29626,93.406075,37.399952,243.08313,92.36451,40.858185,229.06657,100.478455,33.73542
213,104,10,245.29626,93.406075,37.399952,229.06657,100.478455,33.73542,228.32886,103.50189,28.155834
209,102,10,47.589127,100.87546,20.031437,32.834854,100.478455,33.73542,33.57257,103.50189,28.155834
211,109,10,47.589127,100.87546,20.031437,33.57257,103.50189,28.155834,52.753113,104.46629,13.063399
214,101,10,228.32886,103.50189,28.155834,229.06657,100.478455,33.73542,214.3123,100.87546,20.031437
219,106,10,228.32886,103.50189,28.155834,214.3123,100.87546,20.031437,209.14832,104.46629,13.063399
205,107,10,52.753113,104.46629,13.063399,33.57257,103.50189,28.155834,32.834854,109.81239,29.993526
202,107,10,52.753113,104.46629,13.063399,32.834854,109.81239,29.993526,57.9171,111.15773,12.149979
205,100,10,229.06657,109.81239,29.993526,228.32886,103.50189,28.155834,209.14832,104.46629,13.063399
208,109,10,229.06657,109.81239,29.993526,209.14832,104.46629,13.063399,203.98433,111.15773,12.149979
202,100,10,33.57257,103.50189,28.155834,16.605164,93.406075,37.399952,32.834854,109.81239,29.993526
216,106,10,16.605164,93.406075,37.399952,9.965744,95.94731,39.366585,32.834854,109.81239,29.993526
215,103,10,251.93568,95.94731,39.366585,245.29626,93.406075,37.399952,229.06657,109.81239,29.993526
211,105,10,245.29626,93.406075,37.399952,228.32886,103.50189,28.155834,229.06657,109.81239,29.993526
207,102,10,16.605164,93.406075,37.399952,11.441177,73.05207,38.096222,9.965744,95.94731,39.366585
201,102,10,11.441177,73.05207,38.096222,3.3263245,70.22312,39.562035,9.965744,95.94731,39.366585
215,107,10,258.5751,70.22312,39.562035,250.46025,73.05207,38.096222,251.93568,95.94731,39.366585
212,102,10,250.46025,73.05207,38.096222,245.29626,93.406075,37.399952,251.93568,95.94731,39.366585
200,101,10,11.441177,73.05207,38.096222,18.818298,58.542427,37.223526,3.3263245,70.22312,39.562035
204,107,10,18.818298,58.542427,37.223526,14.392029,52.13067,40.18094,3.3263245,70.22312,39.562035
207,102,10,247.5094,52.13067,40.18094,243.08313,58.542427,37.223526,258.5751,70.22312,39.562035
208,106,10,243.08313,58.542427,37.223526,250.46025,73.05207,38.096222,258.5751,70.22312,39.562035
219,105,10,18.818298,58.542427,37.223526,35.04799,59.592022,28.288858,34.310287,53.84089,30.539154
207,102,10,18.818298,58.542427,37.223526,34.310287,53.84089,30.539154,14.392029,52.13067,40.18094
211,107,10,227.59114,53.84089,30.539154,226.85344,59.592022,28.288858,243.08313,58.542427,37.223526
204,107,10,227.59114,53.84089,30.539154,243.08313,58.542427,37.223526,247.5094,52.13067,40.18094
217,100,10,43.90056,64.02994,21.976364,46.85141,59.693283,23.493753,35.04799,59.592022,28.288858
206,106,10,46.85141,59.693283,23.493753,34.310287,53.84089,30.539154,35.04799,59.592022,28.288858
206,109,10,227.59114,53.84089,30.539154,215.05002,59.693283,23.493753,226.85344,59.592022,28.288858
205,107,10,215.05002,59.693283,23.493753,218.00087,64.02994,21.976364,226.85344,59.592022,28.288858
202,103,10,85.212494,100.36114,49.4834,98.49133,116.85265,48.234737,90.37649,117.460205,19.464106
218,109,10,98.49133,116.85265,48.234737,102.91761,129.42058,23.84661,90.37649,117.460205,19.464106
201,105,10,158.98383,129.42058,23.84661,163.4101,116.85265,48.234737,171.52493,117.460205,19.464106
203,100,10,163.4101,116.85265,48.234737,176.68893,100.36114,49.4834,171.52493,117.460205,19.464106
214,103,10,85.212494,100.36114,49.4834,90.37649,117.460205,19.464106,70.45824,101.978134,39.160282
216,100,10,90.37649,117.460205,19.464106,74.88451,110.116165,15.60821,70.45824,101.978134,39.160282
212,102,10,187.01692,110.116165,15.60821,171.52493,117.460205,19.464106,191.44319,101.978134,39.160282
214,105,10,171.52493,117.460205,19.464106,176.68893,100.36114,49.4834,191.44319,101.978134,39.160282
215,100,10,85.212494,100.36114,49.4834,72.67137,71.42705,53.895775,99.22904,98.74414,59.80652
216,103,10,72.67137,71.42705,53.895775,87.42563,62.271534,64.47677,99.22904,98.74414,59.80652
217,100,10,174.4758,62.271534,64.47677,189.23006,71.42705,53.895775,162.67238,98.74414,59.80652
200,107,10,189.23006,71.42705,53.895775,176.68893,100.36114,49.4834,162.67238,98.74414,59.80652
201,103,10,85.212494,100.36114,49.4834,70.45824,101.978134,39.160282,72.67137,71.42705,53.895775
208,104,10,70.45824,101.978134,39.160282,57.9171,75.68654,40.744183,72.67137,71.42705,53.895775
205,106,10,203.98433,75.68654,40.744183,191.44319,101.978134,39.160282,189.23006,71.42705,53.895775
202,103,10,191.44319,101.978134,39.160282,176.68893,100.36114,49.4834,189.23006,71.42705,53.895775
200,100,10,110.29475,118.10791,-36.68871,111.032455,112.36481,-39.91485,89.63877,99.54932,-39.47646
205,100,10,110.29475,118.10791,-36.68871,89.63877,99.54932,-39.47646,92.58963,110.91017,-11.799761
211,104,10,172.26265,99.54932,-39.47646,150.86897,112.36481,-39.91485,151.60669,118.10791,-36.68871
202,102,10,172.26265,99.54932,-39.47646,151.60669,118.10791,-36.68871,169.3118,110.91017,-11.799761
216,109,10,92.58963,110.91017,-11.799761,89.63877,99.54932,-39.47646,74.14679,91.155685,-34.39769
207,104,10,92.58963,110.91017,-11.799761,74.14679,91.155685,-34.39769,61.605667,99.78082,-4.5738463
203,100,10,187.75464,91.155685,-34.39769,172.26265,99.54932,-39.47646,169.3118,110.91017,-11.799761
200,109,10,187.75464,91.155685,-34.39769,169.3118,110.91017,-11.799761,200.29576,99.78082,-4.5738463
203,108,10,90.37649,117.460205,19.464106,92.58963,110.91017,-11.799761,74.88451,110.116165,15.60821
205,100,10,92.58963,110.91017,-11.799761,61.605667,99.78082,-4.5738463,74.88451,110.116165,15.60821
217,103,10,200.29576,99.78082,-4.5738463,169.3118,110.91017,-11.799761,187.01692,110.116165,15.60821
215,109,10,169.3118,110.91017,-11.799761,171.52493,117.460205,19.464106,187.01692,110.116165,15.60821
213,101,10,90.37649,117.460205,19.464106,102.91761,129.42058,23.84661,92.58963,110.91017,-11.799761
206,109,10,102.91761,129.42058,23.84661,111.032455,131.83157,-13.884479,92.58963,110.91017,-11.799761
216,104,10,150.86897,131.83157,-13.884479,158.98383,129.42058,23.84661,169.3118,110.91017,-11.799761
207,108,10,158.98383,129.42058,23.84661,171.52493,117.460205,19.464106,169.3118,110.91017,-11.799761
209,106,10,55.703964,37.940865,13.970056,55.703964,48.36944,34.833443,53.49083,66.858894,20.510551
218,100,10,55.703964,48.36944,34.833443,57.9171,75.68654,40.744183,53.49083,66.858894,20.510551
202,100,10,203.98433,75.68654,40.744183,206.19746,48.36944,34.833443,208.4106,66.858894,20.510551
206,109,10,206.19746,48.36944,34.833443,206.19746,37.940865,13.970056,208.4106,66.858894,20.510551
219,106,10,55.703964,37.940865,13.970056,53.49083,66.858894,20.510551,49.80226,65.74819,6.8581424
207,101,10,55.703964,37.940865,13.970056,49.80226,65.74819,6.8581424,55.703964,40.327766,-7.3317227
215,104,10,212.09917,65.74819,6.8581424,208.4106,66.858894,20.510551,206.19746,37.940865,13.970056
201,109,10,212.09917,65.74819,6.8581424,206.19746,37.940865,13.970056,206.19746,40.327766,-7.3317227
204,103,10,55.703964,40.327766,-7.3317227,49.80226,65.74819,6.8581424,50.539978,72.8286,-2.2828264
219,101,10,55.703964,40.327766,-7.3317227,50.539978,72.8286,-2.2828264,62.343384,52.88766,-26.243416
213,107,10,211.36145,72.8286,-2.2828264,212.09917,65.74819,6.8581424,206.19746,40.327766,-7.3317227
200,103,10,211.36145,72.8286,-2.2828264,206.19746,40.327766,-7.3317227,199.55804,52.88766,-26.243416
218,103,10,50.539978,72.8286,-2.2828264,57.9171,75.79094,-30.449492,62.343384,52.88766,-26.243416
207,107,10,57.9171,75.79094,-30.449492,55.703964,51.39602,-37.144714,62.343384,52.88766,-26.243416
216,107,10,206.19746,51.39602,-37.144714,203.98433,75.79094,-30.449492,199.55804,52.88766,-26.243416
212,102,10,203.98433,75.79094,-30.449492,211.36145,72.8286,-2.2828264,199.55804,52.88766,-26.243416
208,105,10,87.42563,40.46115,-34.032574,85.212494,35.954098,-44.830723,120.62273,44.34773,-49.909492
206,105,10,87.42563,40.46115,-34.032574,120.62273,44.34773,-49.909492,130.95071,34.259937,-46.141808
210,106,10,141.2787,44.34773,-49.909492,176.68893,35.954098,-44.830723,174.4758,40.46115,-34.032574
209,105,10,141.2787,44.34773,-49.909492,174.4758,40.46115,-34.032574,130.95071,34.259937,-46.141808
206,108,10,99.22904,22.672474,-47.798985,112.50788,24.65435,-49.92034,85.212494,35.954098,-44.830723
213,101,10,112.50788,24.65435,-49.92034,120.62273,44.34773,-49.909492,85.212494,35.954098,-44.830723
204,107,10,141.2787,44.34773,-49.909492,149.39355,24.65435,-49.92034,176.68893,35.954098,-44.830723
201,104,10,149.39355,24.65435,-49.92034,162.67238,22.672474,-47.798985,176.68893,35.954098,-44.830723
203,100,10,88.163345,11.130058,-15.916213,87.42563,40.46115,-34.032574,130.95071,5.9543495,-20.530804
211,108,10,87.42563,40.46115,-34.032574,130.95071,34.259937,-46.141808,130.95071,5.9543495,-20.530804
216,106,10,130.95071,34.259937,-46.141808,174.4758,40.46115,-34.032574,130.95071,5.9543495,-20.530804
204,107,10,174.4758,40.46115,-34.032574,173.73808,11.130058,-15.916213,130.95071,5.9543495,-20.530804
200,105,10,71.19594,49.017143,-21.319372,66.76967,46.499996,-39.715313,87.42563,40.46115,-34.032574
210,108,10,66.76967,46.499996,-39.715313,85.212494,35.954098,-44.830723,87.42563,40.46115,-34.032574
206,101,10,176.68893,35.954098,-44.830723,195.13176,46.499996,-39.715313,174.4758,40.46115,-34.032574
202,107,10,195.13176,46.499996,-39.715313,190.70549,49.017143,-21.319372,174.4758,40.46115,-34.032574
212,104,10,71.19594,49.017143,-21.319372,87.42563,40.46115,-34.032574,88.163345,11.130058,-15.916213
205,101,10,71.19594,49.017143,-21.319372,88.163345,11.130058,-15.916213,70.45824,27.59748,-0.735564
202,107,10,173.73808,11.130058,-15.916213,174.4758,40.46115,-34.032574,190.70549,49.017143,-21.319372
214,104,10,173.73808,11.130058,-15.916213,190.70549,49.017143,-21.319372,191.44319,27.59748,-0.735564
211,103,10,70.45824,27.59748,-0.735564,88.163345,11.130058,-15.916213,88.163345,7.227417,10.913577
211,108,10,70.45824,27.59748,-0.735564,88.163345,7.227417,10.913577,70.45824,26.057655,21.221758
203,106,10,173.73808,7.227417,10.913577,173.73808,11.130058,-15.916213,191.44319,27.59748,-0.735564
205,103,10,173.73808,7.227417,10.913577,191.44319,27.59748,-0.735564,191.44319,26.057655,21.221758
213,108,10,70.45824,26.057655,21.221758,88.163345,7.227417,10.913577,88.163345,16.987339,37.960518
203,104,10,70.45824,26.057655,21.221758,88.163345,16.987339,37.960518,70.45824,35.825607,42.792263
210,103,10,173.73808,16.987339,37.960518,173.73808,7.227417,10.913577,191.44319,26.057655,21.221758
204,105,10,173.73808,16.987339,37.960518,191.44319,26.057655,21.221758,191.44319,35.825607,42.792263
219,107,10,70.45824,35.825607,42.792263,88.163345,16.987339,37.960518,87.42563,62.271534,64.47677
207,103,10,70.45824,35.825607,42.792263,87.42563,62.271534,64.47677,72.67137,71.42705,53.895775
217,105,10,174.4758,62.271534,64.47677,173.73808,16.987339,37.960518,191.44319,35.825607,42.792263
201,104,10,174.4758,62.271534,64.47677,191.44319,35.825607,42.792263,189.23006,71.42705,53.895775
200,103,10,70.45824,35.825607,42.792263,72.67137,71.42705,53.895775,55.703964,48.36944,34.833443
213,101,10,72.67137,71.42705,53.895775,57.9171,75.68654,40.744183,55.703964,48.36944,34.833443
200,103,10,203.98433,75.68654,40.744183,189.23006,71.42705,53.895775,206.19746,48.36944,34.833443
211,105,10,189.23006,71.42705,53.895775,191.44319,35.825607,42.792263,206.19746,48.36944,34.833443
215,101,10,55.703964,48.36944,34.833443,55.703964,37.940865,13.970056,70.45824,26.057655,21.221758
207,109,10,55.703964,48.36944,34.833443,70.45824,26.057655,21.221758,70.45824,35.825607,42.792263
214,106,10,191.44319,26.057655,21.221758,206.19746,37.940865,13.970056,206.19746,48.36944,34.833443
205,104,10,191.44319,26.057655,21.221758,206.19746,48.36944,34.833443,191.44319,35.825607,42.792263
211,104,10,55.703964,37.940865,13.970056,55.703964,40.327766,-7.3317227,70.45824,27.59748,-0.735564
218,100,10,55.703964,37.940865,13.970056,70.45824,27.59748,-0.735564,70.45824,26.057655,21.221758
215,101,10,191.44319,27.59748,-0.735564,206.19746,40.327766,-7.3317227,206.19746,37.940865,13.970056
212,107,10,191.44319,27.59748,-0.735564,206.19746,37.940865,13.970056,191.44319,26.057655,21.221758
217,100,10,55.703964,40.327766,-7.3317227,62.343384,52.88766,-26.243416,71.19594,49.017143,-21.319372
202,107,10,55.703964,40.327766,-7.3317227,71.19594,49.017143,-21.319372,70.45824,27.59748,-0.735564
211,101,10,190.70549,49.017143,-21.319372,199.55804,52.88766,-26.243416,206.19746,40.327766,-7.3317227
204,105,10,190.70549,49.017143,-21.319372,206.19746,40.327766,-7.3317227,191.44319,27.59748,-0.735564
209,109,10,62.343384,52.88766,-26.243416,55.703964,51.39602,-37.144714,66.76967,46.499996,-39.715313
213,105,10,62.343384,52.88766,-26.243416,66.76967,46.499996,-39.715313,71.19594,49.017143,-21.319372
206,102,10,195.13176,46.499996,-39.715313,206.19746,51.39602,-37.144714,199.55804,52.88766,-26.243416
201,101,10,195.13176,46.499996,-39.715313,199.55804,52.88766,-26.243416,190.70549,49.017143,-21.319372
207,104,10,87.42563,62.271534,64.47677,88.163345,16.987339,37.960518,130.95071,15.92971,52.371624
201,100,10,87.42563,62.271534,64.47677,130.95071,15.92971,52.371624,130.95071,51.981228,77.83466
202,103,10,130.95071,15.92971,52.371624,173.73808,16.987339,37.960518,174.4758,62.271534,64.47677
210,106,10,130.95071,15.92971,52.371624,174.4758,62.271534,64.47677,130.95071,51.981228,77.83466
214,104,10,88.163345,16.987339,37.960518,88.163345,7.227417,10.913577,130.95071,2.0436783,11.775422
215,105,10,88.163345,16.987339,37.960518,130.95071,2.0436783,11.775422,130.95071,15.92971,52.371624
211,104,10,130.95071,2.0436783,11.775422,173.73808,7.227417,10.913577,173.73808,16.987339,37.960518
206,104,10,130.95071,2.0436783,11.775422,173.73808,16.987339,37.960518,130.95071,15.92971,52.371624
208,104,10,88.163345,7.227417,10.913577,88.163345,11.130058,-15.916213,130.95071,2.0436783,11.775422
204,109,10,88.163345,11.130058,-15.916213,130.95071,5.9543495,-20.530804,130.95071,2.0436783,11.775422
211,104,10,130.95071,5.9543495,-20.530804,173.73808,11.130058,-15.916213,130.95071,2.0436783,11.775422
211,100,10,173.73808,11.130058,-15.916213,173.73808,7.227417,10.913577,130.95071,2.0436783,11.775422
207,102,10,99.22904,98.74414,59.80652,87.42563,62.271534,64.47677,130.95071,99.19422,74.166046
212,107,10,87.42563,62.271534,64.47677,130.95071,51.981228,77.83466,130.95071,99.19422,74.166046
210,106,10,130.95071,51.981228,77.83466,174.4758,62.271534,64.47677,130.95071,99.19422,74.166046
216,108,10,174.4758,62.271534,64.47677,162.67238,98.74414,59.80652,130.95071,99.19422,74.166046
203,108,10,61.605667,99.78082,-4.5738463,74.14679,91.155685,-34.39769,57.9171,75.79094,-30.449492
219,103,10,61.605667,99.78082,-4.5738463,57.9171,75.79094,-30.449492,50.539978,72.8286,-2.2828264
204,105,10,203.98433,75.79094,-30.449492,187.75464,91.155685,-34.39769,200.29576,99.78082,-4.5738463
219,109,10,203.98433,75.79094,-30.449492,200.29576,99.78082,-4.5738463,211.36145,72.8286,-2.2828264
218,107,10,111.032455,131.83157,-13.884479,113.98331,132.9744,-22.137815,110.29475,118.10791,-36.68871
208,105,10,113.98331,132.9744,-22.137815,108.81932,125.17226,-34.876804,110.29475,118.10791,-36.68871
203,107,10,153.0821,125.17226,-34.876804,147.91812,132.9744,-22.137815,151.60669,118.10791,-36.68871
200,106,10,147.91812,132.9744,-22.137815,150.86897,131.83157,-13.884479,151.60669,118.10791,-36.68871
203,102,10,113.98331,132.9744,-22.137815,111.032455,131.83157,-13.884479,130.95071,138.33656,-16.160563
212,107,10,113.98331,132.9744,-22.137815,130.95071,138.33656,-16.160563,130.95071,139.47939,-24.413898
214,101,10,130.95071,138.33656,-16.160563,150.86897,131.83157,-13.884479,147.91812,132.9744,-22.137815
216,101,10,130.95071,138.33656,-16.160563,147.91812,132.9744,-22.137815,130.95071,139.47939,-24.413898
209,104,10,111.032455,131.83157,-13.884479,102.91761,129.42058,23.84661,130.95071,137.23074,31.109161
216,109,10,111.032455,131.83157,-13.884479,130.95071,137.23074,31.109161,130.95071,138.33656,-16.160563
202,106,10,130.95071,137.23074,31.109161,158.98383,129.42058,23.84661,150.86897,131.83157,-13.884479
217,103,10,130.95071,137.23074,31.109161,150.86897,131.83157,-13.884479,130.95071,138.33656,-16.160563
211,108,10,102.91761,129.42058,23.84661,98.49133,116.85265,48.234737,130.95071,137.23074,31.109161
212,107,10,98.49133,116.85265,48.234737,130.95071,122.96063,59.66264,130.95071,137.23074,31.109161
207,106,10,130.95071,122.96063,59.66264,163.4101,116.85265,48.234737,130.95071,137.23074,31.109161
213,102,10,163.4101,116.85265,48.234737,158.98383,129.42058,23.84661,130.95071,137.23074,31.109161
207,101,10,98.49133,116.85265,48.234737,99.22904,98.74414,59.80652,130.95071,122.96063,59.66264
216,105,10,99.22904,98.74414,59.80652,130.95071,99.19422,74.166046,130.95071,122.96063,59.66264
217,108,10,130.95071,99.19422,74.166046,162.67238,98.74414,59.80652,130.95071,122.96063,59.66264
203,100,10,162.67238,98.74414,59.80652,163.4101,116.85265,48.234737,130.95071,122.96063,59.66264
201,107,10,89.63877,99.54932,-39.47646,111.77017,106.71493,-42.45966,89.63877,103.326614,-45.081833
215,107,10,111.77017,106.71493,-42.45966,111.77017,107.47681,-47.961884,89.63877,103.326614,-45.081833
218,106,10,150.13126,107.47681,-47.961884,150.13126,106.71493,-42.45966,172.26265,103.326614,-45.081833
217,103,10,150.13126,106.71493,-42.45966,172.26265,99.54932,-39.47646,172.26265,103.326614,-45.081833
201,107,10,111.032455,112.36481,-39.91485,108.81932,113.60086,-47.486855,111.77017,106.71493,-42.45966
207,102,10,108.81932,113.60086,-47.486855,111.77017,107.47681,-47.961884,111.77017,106.71493,-42.45966
207,102,10,150.13126,107.47681,-47.961884,153.0821,113.60086,-47.486855,150.13126,106.71493,-42.45966
210,109,10,153.0821,113.60086,-47.486855,150.86897,112.36481,-39.91485,150.13126,106.71493,-42.45966
201,101,10,110.29475,118.10791,-36.68871,108.81932,125.17226,-34.876804,106.60618,119.63167,-47.693157
214,104,10,108.81932,125.17226,-34.876804,101.442184,131.50685,-49.468422,106.60618,119.63167,-47.693157
215,104,10,160.45924,131.50685,-49.468422,153.0821,125.17226,-34.876804,155.29526,119.63167,-47.693157
214,101,10,153.0821,125.17226,-34.876804,151.60669,118.10791,-36.68871,155.29526,119.63167,-47.693157
210,105,10,111.032455,112.36481,-39.91485,110.29475,118.10791,-36.68871,108.81932,113.60086,-47.486855
214,104,10,110.29475,118.10791,-36.68871,106.60618,119.63167,-47.693157,108.81932,113.60086,-47.486855
208,108,10,155.29526,119.63167,-47.693157,151.60669,118.10791,-36.68871,153.0821,113.60086,-47.486855
208,104,10,151.60669,118.10791,-36.68871,150.86897,112.36481,-39.91485,153.0821,113.60086,-47.486855
212,102,10,107.34389,139.6819,-34.00411,97.75362,156.38397,-50.319416,101.442184,131.50685,-49.468422
205,105,10,107.34389,139.6819,-34.00411,101.442184,131.50685,-49.468422,108.81932,125.17226,-34.876804
216,101,10,160.45924,131.50685,-49.468422,164.14781,156.38397,-50.319416,154.55754,139.6819,-34.00411
219,108,10,160.45924,131.50685,-49.468422,154.55754,139.6819,-34.00411,153.0821,125.17226,-34.876804
216,103,10,119.1473,143.82407,-31.407722,107.34389,139.6819,-34.00411,113.98331,132.9744,-22.137815
201,102,10,107.34389,139.6819,-34.00411,108.81932,125.17226,-34.876804,113.98331,132.9744,-22.137815
211,105,10,153.0821,125.17226,-34.876804,154.55754,139.6819,-34.00411,147.91812,132.9744,-22.137815
203,106,10,154.55754,139.6819,-34.00411,142.75412,143.82407,-31.407722,147.91812,132.9744,-22.137815
214,108,10,115.45874,182.0921,-39.561996,99.96676,179.54283,-36.05219,117.671875,164.8387,-32.81111
202,104,10,99.96676,179.54283,-36.05219,103.65533,160.12914,-34.019047,117.671875,164.8387,-32.81111
205,108,10,158.2461,160.12914,-34.019047,161.93466,179.54283,-36.05219,144.22955,164.8387,-32.81111
212,108,10,161.93466,179.54283,-36.05219,146.44269,182.0921,-39.561996,144.22955,164.8387,-32.81111
208,103,10,119.1473,143.82407,-31.407722,117.671875,164.8387,-32.81111,103.65533,160.12914,-34.019047
205,108,10,119.1473,143.82407,-31.407722,103.65533,160.12914,-34.019047,107.34389,139.6819,-34.00411
204,106,10,158.2461,160.12914,-34.019047,144.22955,164.8387,-32.81111,142.75412,143.82407,-31.407722
205,108,10,158.2461,160.12914,-34.019047,142.75412,143.82407,-31.407722,154.55754,139.6819,-34.00411
218,105,10,103.65533,160.12914,-34.019047,96.27819,175.69641,-47.557453,97.75362,156.38397,-50.319416
208,107,10,103.65533,160.12914,-34.019047,97.75362,156.38397,-50.319416,107.34389,139.6819,-34.00411
213,104,10,164.14781,156.38397,-50.319416,165.62323,175.69641,-47.557453,158.2461,160.12914,-34.019047
212,105,10,164.14781,156.38397,-50.319416,158.2461,160.12914,-34.019047,154.55754,139.6819,-34.00411
215,106,10,99.96676,179.54283,-36.05219,99.96676,181.06659,-47.056637,96.27819,175.69641,-47.557453
214,103,10,99.96676,179.54283,-36.05219,96.27819,175.69641,-47.557453,103.65533,160.12914,-34.019047
205,108,10,165.62323,175.69641,-47.557453,161.93466,181.06659,-47.056637,161.93466,179.54283,-36.05219
200,100,10,165.62323,175.69641,-47.557453,161.93466,179.54283,-36.05219,158.2461,160.12914,-34.019047
215,101,10,115.45874,182.0921,-39.561996,113.98331,182.95523,-49.859325,99.96676,181.06659,-47.056637
210,100,10,115.45874,182.0921,-39.561996,99.96676,181.06659,-47.056637,99.96676,179.54283,-36.05219
219,101,10,161.93466,181.06659,-47.056637,147.91812,182.95523,-49.859325,146.44269,182.0921,-39.561996
217,104,10,161.93466,181.06659,-47.056637,146.44269,182.0921,-39.561996,161.93466,179.54283,-36.05219
209,101,10,130.95071,184.82782,-41.709137,130.95071,184.18326,-51.95489,113.98331,182.95523,-49.859325
204,107,10,130.95071,184.82782,-41.709137,113.98331,182.95523,-49.859325,115.45874,182.0921,-39.561996
216,104,10,147.91812,182.95523,-49.859325,130.95071,184.18326,-51.95489,130.95071,184.82782,-41.709137
211,107,10,147.91812,182.95523,-49.859325,130.95071,184.82782,-41.709137,146.44269,182.0921,-39.561996
200,109,10,117.671875,164.8387,-32.81111,130.95071,169.6415,-30.921843,115.45874,182.0921,-39.561996
209,107,10,130.95071,169.6415,-30.921843,130.95071,184.82782,-41.709137,115.45874,182.0921,-39.561996
207,100,10,130.95071,184.82782,-41.709137,130.95071,169.6415,-30.921843,146.44269,182.0921,-39.561996
204,101,10,130.95071,169.6415,-30.921843,144.22955,164.8387,-32.81111,146.44269,182.0921,-39.561996
214,109,10,119.1473,143.82407,-31.407722,130.95071,147.30562,-28.104218,117.671875,164.8387,-32.81111
210,100,10,130.95071,147.30562,-28.104218,130.95071,169.6415,-30.921843,117.671875,164.8387,-32.81111
215,105,10,130.95071,169.6415,-30.921843,130.95071,147.30562,-28.104218,144.22955,164.8387,-32.81111
200,105,10,130.95071,147.30562,-28.104218,142.75412,143.82407,-31.407722,144.22955,164.8387,-32.81111
214,105,10,113.98331,132.9744,-22.137815,130.95071,139.47939,-24.413898,119.1473,143.82407,-31.407722
211,107,10,130.95071,139.47939,-24.413898,130.95071,147.30562,-28.104218,119.1473,143.82407,-31.407722
214,104,10,130.95071,147.30562,-28.104218,130.95071,139.47939,-24.413898,142.75412,143.82407,-31.407722
202,101,10,130.95071,139.47939,-24.413898,147.91812,132.9744,-22.137815,142.75412,143.82407,-31.407722
212,103,10,89.63877,99.54932,-39.47646,89.63877,103.326614,-45.081833,71.19594,93.433304,-45.427925
217,104,10,89.63877,99.54932,-39.47646,71.19594,93.433304,-45.427925,74.14679,91.155685,-34.39769
216,104,10,190.70549,93.433304,-45.427925,172.26265,103.326614,-45.081833,172.26265,99.54932,-39.47646
203,108,10,190.70549,93.433304,-45.427925,172.26265,99.54932,-39.47646,187.75464,91.155685,-34.39769
208,106,10,74.14679,91.155685,-34.39769,71.19594,93.433304,-45.427925,52.753113,76.45959,-36.633045
210,108,10,74.14679,91.155685,-34.39769,52.753113,76.45959,-36.633045,57.9171,75.79094,-30.449492
213,107,10,209.14832,76.45959,-36.633045,190.70549,93.433304,-45.427925,187.75464,91.155685,-34.39769
219,104,10,209.14832,76.45959,-36.633045,187.75464,91.155685,-34.39769,203.98433,75.79094,-30.449492
213,105,10,57.9171,75.79094,-30.449492,52.753113,76.45959,-36.633045,55.703964,51.39602,-37.144714
209,104,10,52.753113,76.45959,-36.633045,49.80226,47.54959,-48.64998,55.703964,51.39602,-37.144714
201,105,10,212.09917,47.54959,-48.64998,209.14832,76.45959,-36.633045,206.19746,51.39602,-37.144714
200,107,10,209.14832,76.45959,-36.633045,203.98433,75.79094,-30.449492,206.19746,51.39602,-37.144714
201,106,10,55.703964,51.39602,-37.144714,49.80226,47.54959,-48.64998,63.818817,41.89972,-51.19479
209,107,10,55.703964,51.39602,-37.144714,63.818817,41.89972,-51.19479,66.76967,46.499996,-39.715313
201,105,10,198.08261,41.89972,-51.19479,212.09917,47.54959,-48.64998,206.19746,51.39602,-37.144714
219,107,10,198.08261,41.89972,-51.19479,206.19746,51.39602,-37.144714,195.13176,46.499996,-39.715313
217,108,10,66.76967,46.499996,-39.715313,63.818817,41.89972,-51.19479,85.212494,35.954098,-44.830723
203,107,10,63.818817,41.89972,-51.19479,84.47478,29.846115,-56.258625,85.212494,35.954098,-44.830723
206,103,10,177.42665,29.846115,-56.258625,198.08261,41.89972,-51.19479,176.68893,35.954098,-44.830723
211,107,10,198.08261,41.89972,-51.19479,195.13176,46.499996,-39.715313,176.68893,35.954098,-44.830723
219,100,10,85.212494,35.954098,-44.830723,84.47478,29.846115,-56.258625,99.22904,22.672474,-47.798985
211,106,10,84.47478,29.846115,-56.258625,100.704475,14.209709,-59.830856,99.22904,22.672474,-47.798985
216,105,10,161.19696,14.209709,-59.830856,177.42665,29.846115,-56.258625,162.67238,22.672474,-47.798985
202,105,10,177.42665,29.846115,-56.258625,176.68893,35.954098,-44.830723,162.67238,22.672474,-47.798985
201,105,10,99.22904,22.672474,-47.798985,100.704475,14.209709,-59.830856,112.50788,24.65435,-49.92034
219,101,10,100.704475,14.209709,-59.830856,116.19645,17.699287,-62.003788,112.50788,24.65435,-49.92034
201,109,10,145.70499,17.699287,-62.003788,161.19696,14.209709,-59.830856,149.39355,24.65435,-49.92034
217,101,10,161.19696,14.209709,-59.830856,162.67238,22.672474,-47.798985,149.39355,24.65435,-49.92034
211,103,10,112.50788,24.65435,-49.92034,116.19645,17.699287,-62.003788,125.04901,39.65422,-62.0703
218,106,10,112.50788,24.65435,-49.92034,125.04901,39.65422,-62.0703,120.62273,44.34773,-49.909492
219,109,10,136.85242,39.65422,-62.0703,145.70499,17.699287,-62.003788,149.39355,24.65435,-49.92034
207,108,10,136.85242,39.65422,-62.0703,149.39355,24.65435,-49.92034,141.2787,44.34773,-49.909492
215,105,10,120.62273,44.34773,-49.909492,125.04901,39.65422,-62.0703,130.95071,45.778267,-61.595272
211,100,10,120.62273,44.34773,-49.909492,130.95071,45.778267,-61.595272,130.95071,49.71792,-49.408672
217,101,10,130.95071,45.778267,-61.595272,136.85242,39.65422,-62.0703,141.2787,44.34773,-49.909492
215,108,10,130.95071,45.778267,-61.595272,141.2787,44.34773,-49.909492,130.95071,49.71792,-49.408672
204,103,10,111.77017,70.56216,-63.127598,113.2456,71.79018,-65.22317,114.72102,65.66613,-65.6982
210,100,10,111.77017,70.56216,-63.127598,114.72102,65.66613,-65.6982,112.50788,65.285194,-62.947083
217,106,10,147.1804,65.66613,-65.6982,148.65582,71.79018,-65.22317,150.13126,70.56216,-63.127598
211,109,10,147.1804,65.66613,-65.6982,150.13126,70.56216,-63.127598,149.39355,65.285194,-62.947083
203,105,10,112.50788,65.285194,-62.947083,114.72102,65.66613,-65.6982,113.98331,58.127613,-65.440315
201,102,10,112.50788,65.285194,-62.947083,113.98331,58.127613,-65.440315,112.50788,58.407295,-63.396324
210,109,10,147.91812,58.127613,-65.440315,147.1804,65.66613,-65.6982,149.39355,65.285194,-62.947083
209,101,10,147.91812,58.127613,-65.440315,149.39355,65.285194,-62.947083,149.39355,58.407295,-63.396324
206,103,10,112.50788,58.407295,-63.396324,113.98331,58.127613,-65.440315,111.032455,50.589092,-65.18244
216,102,10,112.50788,58.407295,-63.396324,111.032455,50.589092,-65.18244,108.81932,52.37648,-63.19002
206,101,10,150.86897,50.589092,-65.18244,147.91812,58.127613,-65.440315,149.39355,58.407295,-63.396324
202,100,10,150.86897,50.589092,-65.18244,149.39355,58.407295,-63.396324,153.0821,52.37648,-63.19002
213,107,10,108.081604,74.99204,-63.963654,109.55703,76.22006,-66.05922,113.2456,71.79018,-65.22317
202,105,10,108.081604,74.99204,-63.963654,113.2456,71.79018,-65.22317,111.77017,70.56216,-63.127598
216,109,10,148.65582,71.79018,-65.22317,152.34439,76.22006,-66.05922,153.81982,74.99204,-63.963654
207,100,10,148.65582,71.79018,-65.22317,153.81982,74.99204,-63.963654,150.13126,70.56216,-63.127598
205,108,10,95.54048,79.13421,-61.367268,95.54048,81.20931,-62.807293,108.081604,74.99204,-63.963654
201,101,10,95.54048,81.20931,-62.807293,109.55703,76.22006,-66.05922,108.081604,74.99204,-63.963654
210,106,10,152.34439,76.22006,-66.05922,166.36095,81.20931,-62.807293,153.81982,74.99204,-63.963654
202,107,10,166.36095,81.20931,-62.807293,166.36095,79.13421,-61.367268,153.81982,74.99204,-63.963654
204,101,10,87.42563,76.39848,-59.220123,85.95021,77.719734,-60.63436,95.54048,79.13421,-61.367268
219,107,10,85.95021,77.719734,-60.63436,95.54048,81.20931,-62.807293,95.54048,79.13421,-61.367268
202,104,10,166.36095,81.20931,-62.807293,175.95122,77.719734,-60.63436,166.36095,79.13421,-61.367268
218,104,10,175.95122,77.719734,-60.63436,174.4758,76.39848,-59.220123,166.36095,79.13421,-61.367268
216,107,10,79.31079,67.725174,-56.18535,76.35994,69.13965,-56.918255,85.95021,77.719734,-60.63436
215,101,10,79.31079,67.725174,-56.18535,85.95021,77.719734,-60.63436,87.42563,76.39848,-59.220123
217,109,10,175.95122,77.719734,-60.63436,185.54149,69.13965,-56.918255,182.59064,67.725174,-56.18535
204,105,10,175.95122,77.719734,-60.63436,182.59064,67.725174,-56.18535,174.4758,76.39848,-59.220123
212,103,10,78.573074,60.940506,-55.95326,75.62222,60.000195,-57.29013,79.31079,67.725174,-56.18535
202,104,10,75.62222,60.000195,-57.29013,76.35994,69.13965,-56.918255,79.31079,67.725174,-56.18535
205,105,10,185.54149,69.13965,-56.918255,186.2792,60.000195,-57.29013,182.59064,67.725174,-56.18535
209,105,10,186.2792,60.000195,-57.29013,183.32835,60.940506,-55.95326,182.59064,67.725174,-56.18535
208,105,10,80.78621,55.570312,-56.454075,77.83536,53.876152,-57.76516,75.62222,60.000195,-57.29013
214,109,10,80.78621,55.570312,-56.454075,75.62222,60.000195,-57.29013,78.573074,60.940506,-55.95326
204,108,10,186.2792,60.000195,-57.29013,184.06607,53.876152,-57.76516,181.1152,55.570312,-56.454075
212,104,10,186.2792,60.000195,-57.29013,181.1152,55.570312,-56.454075,183.32835,60.940506,-55.95326
200,106,10,91.85191,49.4543,-62.40554,91.1142,48.42076,-64.423744,80.78621,55.570312,-56.454075
204,101,10,91.1142,48.42076,-64.423744,77.83536,53.876152,-57.76516,80.78621,55.570312,-56.454075
201,101,10,184.06607,53.876152,-57.76516,170.78723,48.42076,-64.423744,181.1152,55.570312,-56.454075
211,109,10,170.78723,48.42076,-64.423744,170.04951,49.4543,-62.40554,181.1152,55.570312,-56.454075
217,103,10,99.22904,47.946594,-62.353966,99.22904,45.591812,-62.95793,91.85191,49.4543,-62.40554
201,107,10,99.22904,45.591812,-62.95793,91.1142,48.42076,-64.423744,91.85191,49.4543,-62.40554
205,102,10,170.78723,48.42076,-64.423744,162.67238,45.591812,-62.95793,170.04951,49.4543,-62.40554
206,108,10,162.67238,45.591812,-62.95793,162.67238,47.946594,-62.353966,170.04951,49.4543,-62.40554
213,104,10,104.393036,48.513992,-63.742416,105.13075,46.15921,-64.34638,99.22904,45.591812,-62.95793
206,109,10,104.393036,48.513992,-63.742416,99.22904,45.591812,-62.95793,99.22904,47.946594,-62.353966
219,107,10,162.67238,45.591812,-62.95793,156.77068,46.15921,-64.34638,157.50839,48.513992,-63.742416
210,104,10,162.67238,45.591812,-62.95793,157.50839,48.513992,-63.742416,162.67238,47.946594,-62.353966
206,102,10,108.81932,52.37648,-63.19002,111.032455,50.589092,-65.18244,105.13075,46.15921,-64.34638
206,105,10,108.81932,52.37648,-63.19002,105.13075,46.15921,-64.34638,104.393036,48.513992,-63.742416
201,109,10,156.77068,46.15921,-64.34638,150.86897,50.589092,-65.18244,153.0821,52.37648,-63.19002
200,100,10,156.77068,46.15921,-64.34638,153.0821,52.37648,-63.19002,157.50839,48.513992,-63.742416
211,102,10,111.032455,50.589092,-65.18244,115.45874,46.91306,-64.37217,107.34389,41.822548,-62.828995
204,106,10,111.032455,50.589092,-65.18244,107.34389,41.822548,-62.828995,105.13075,46.15921,-64.34638
207,107,10,154.55754,41.822548,-62.828995,146.44269,46.91306,-64.37217,150.86897,50.589092,-65.18244
211,102,10,154.55754,41.822548,-62.828995,150.86897,50.589092,-65.18244,156.77068,46.15921,-64.34638
202,106,10,105.13075,46.15921,-64.34638,107.34389,41.822548,-62.828995,99.96676,41.255154,-61.440544
219,103,10,105.13075,46.15921,-64.34638,99.96676,41.255154,-61.440544,99.22904,45.591812,-62.95793
218,103,10,161.93466,41.255154,-61.440544,154.55754,41.822548,-62.828995,156.77068,46.15921,-64.34638
205,105,10,161.93466,41.255154,-61.440544,156.77068,46.15921,-64.34638,162.67238,45.591812,-62.95793
215,105,10,99.22904,45.591812,-62.95793,99.96676,41.255154,-61.440544,90.37649,45.304096,-59.52549
210,107,10,99.22904,45.591812,-62.95793,90.37649,45.304096,-59.52549,91.1142,48.42076,-64.423744
207,100,10,171.52493,45.304096,-59.52549,161.93466,41.255154,-61.440544,162.67238,45.591812,-62.95793
203,107,10,171.52493,45.304096,-59.52549,162.67238,45.591812,-62.95793,170.78723,48.42076,-64.423744
205,104,10,91.1142,48.42076,-64.423744,90.37649,45.304096,-59.52549,77.83536,53.876152,-57.76516
205,103,10,90.37649,45.304096,-59.52549,74.14679,51.987507,-54.962475,77.83536,53.876152,-57.76516
208,102,10,187.75464,51.987507,-54.962475,171.52493,45.304096,-59.52549,184.06607,53.876152,-57.76516
208,100,10,171.52493,45.304096,-59.52549,170.78723,48.42076,-64.423744,184.06607,53.876152,-57.76516
211,106,10,77.83536,53.876152,-57.76516,74.14679,51.987507,-54.962475,75.62222,60.000195,-57.29013
213,109,10,74.14679,51.987507,-54.962475,70.45824,59.712482,-53.85769,75.62222,60.000195,-57.29013
208,102,10,191.44319,59.712482,-53.85769,187.75464,51.987507,-54.962475,186.2792,60.000195,-57.29013
204,105,10,187.75464,51.987507,-54.962475,184.06607,53.876152,-57.76516,186.2792,60.000195,-57.29013
217,101,10,75.62222,60.000195,-57.29013,70.45824,59.712482,-53.85769,71.933655,70.26641,-54.218716
219,107,10,75.62222,60.000195,-57.29013,71.933655,70.26641,-54.218716,76.35994,69.13965,-56.918255
209,102,10,189.96777,70.26641,-54.218716,191.44319,59.712482,-53.85769,186.2792,60.000195,-57.29013
207,102,10,189.96777,70.26641,-54.218716,186.2792,60.000195,-57.29013,185.54149,69.13965,-56.918255
216,108,10,76.35994,69.13965,-56.918255,71.933655,70.26641,-54.218716,84.47478,82.04836,-56.675312
200,101,10,76.35994,69.13965,-56.918255,84.47478,82.04836,-56.675312,85.95021,77.719734,-60.63436
218,101,10,177.42665,82.04836,-56.675312,189.96777,70.26641,-54.218716,185.54149,69.13965,-56.918255
217,101,10,177.42665,82.04836,-56.675312,185.54149,69.13965,-56.918255,175.95122,77.719734,-60.63436
213,101,10,85.95021,77.719734,-60.63436,84.47478,82.04836,-56.675312,95.54048,86.19856,-59.555363
210,101,10,85.95021,77.719734,-60.63436,95.54048,86.19856,-59.555363,95.54048,81.20931,-62.807293
208,109,10,166.36095,86.19856,-59.555363,177.42665,82.04836,-56.675312,175.95122,77.719734,-60.63436
203,109,10,166.36095,86.19856,-59.555363,175.95122,77.719734,-60.63436,166.36095,81.20931,-62.807293
211,108,10,95.54048,81.20931,-62.807293,95.54048,86.19856,-59.555363,111.77017,78.1939,-62.704144
218,100,10,95.54048,81.20931,-62.807293,111.77017,78.1939,-62.704144,109.55703,76.22006,-66.05922
201,101,10,150.13126,78.1939,-62.704144,166.36095,86.19856,-59.555363,166.36095,81.20931,-62.807293
211,109,10,150.13126,78.1939,-62.704144,166.36095,81.20931,-62.807293,152.34439,76.22006,-66.05922
206,105,10,109.55703,76.22006,-66.05922,111.77017,78.1939,-62.704144,113.2456,71.79018,-65.22317
214,108,10,111.77017,78.1939,-62.704144,115.45874,73.57756,-63.230747,113.2456,71.79018,-65.22317
215,100,10,146.44269,73.57756,-63.230747,150.13126,78.1939,-62.704144,148.65582,71.79018,-65.22317
202,105,10,150.13126,78.1939,-62.704144,152.34439,76.22006,-66.05922,148.65582,71.79018,-65.22317
219,101,10,113.98331,58.127613,-65.440315,119.1473,57.560215,-64.051865,111.032455,50.589092,-65.18244
215,108,10,119.1473,57.560215,-64.051865,115.45874,46.91306,-64.37217,111.032455,50.589092,-65.18244
206,106,10,146.44269,46.91306,-64.37217,142.75412,57.560215,-64.051865,150.86897,50.589092,-65.18244
201,109,10,142.75412,57.560215,-64.051865,147.91812,58.127613,-65.440315,150.86897,50.589092,-65.18244
215,105,10,114.72102,65.66613,-65.6982,118.40959,66.69967,-63.67999,119.1473,57.560215,-64.051865
202,102,10,114.72102,65.66613,-65.6982,119.1473,57.560215,-64.051865,113.98331,58.127613,-65.440315
210,102,10,142.75412,57.560215,-64.051865,143.49184,66.69967,-63.67999,147.1804,65.66613,-65.6982
204,101,10,142.75412,57.560215,-64.051865,147.1804,65.66613,-65.6982,147.91812,58.127613,-65.440315
201,101,10,113.2456,71.79018,-65.22317,115.45874,73.57756,-63.230747,118.40959,66.69967,-63.67999
202,101,10,113.2456,71.79018,-65.22317,118.40959,66.69967,-63.67999,114.72102,65.66613,-65.6982
206,107,10,143.49184,66.69967,-63.67999,146.44269,73.57756,-63.230747,148.65582,71.79018,-65.22317
201,106,10,143.49184,66.69967,-63.67999,148.65582,71.79018,-65.22317,147.1804,65.66613,-65.6982
205,107,10,126.52444,170.71518,-56.28582,130.95071,171.46902,-56.311607,130.95071,163.65083,-58.097725
209,100,10,126.52444,170.71518,-56.28582,130.95071,163.65083,-58.097725,122.09815,160.5422,-58.675903
217,105,10,130.95071,163.65083,-58.097725,130.95071,171.46902,-56.311607,135.37698,170.71518,-56.28582
212,108,10,130.95071,163.65083,-58.097725,135.37698,170.71518,-56.28582,139.80328,160.5422,-58.675903
214,103,10,130.95071,163.65083,-58.097725,130.95071,162.15115,-63.522583,122.09815,160.5422,-58.675903
213,100,10,130.95071,162.15115,-63.522583,122.09815,159.04253,-64.10076,122.09815,160.5422,-58.675903
219,107,10,139.80328,159.04253,-64.10076,130.95071,162.15115,-63.522583,139.80328,160.5422,-58.675903
200,107,10,130.95071,162.15115,-63.522583,130.95071,163.65083,-58.097725,139.80328,160.5422,-58.675903
206,101,10,122.09815,160.5422,-58.675903,122.09815,159.04253,-64.10076,122.09815,166.7675,-62.99598
219,108,10,122.09815,160.5422,-58.675903,122.09815,166.7675,-62.99598,122.09815,166.85269,-56.83821
208,102,10,139.80328,166.7675,-62.99598,139.80328,159.04253,-64.10076,139.80328,160.5422,-58.675903
200,105,10,139.80328,166.7675,-62.99598,139.80328,160.5422,-58.675903,139.80328,166.85269,-56.83821
207,101,10,122.09815,166.85269,-56.83821,122.09815,166.7675,-62.99598,126.52444,171.5703,-61.106712
213,107,10,122.09815,166.85269,-56.83821,126.52444,171.5703,-61.106712,126.52444,170.71518,-56.28582
217,107,10,135.37698,171.5703,-61.106712,139.80328,166.7675,-62.99598,139.80328,166.85269,-56.83821
207,101,10,135.37698,171.5703,-61.106712,139.80328,166.85269,-56.83821,135.37698,170.71518,-56.28582
211,108,10,126.52444,170.71518,-56.28582,126.52444,171.5703,-61.106712,130.95071,171.46902,-56.311607
203,104,10,126.52444,171.5703,-61.106712,130.95071,172.32414,-61.1325,130.95071,171.46902,-56.311607
209,107,10,130.95071,172.32414,-61.1325,135.37698,171.5703,-61.106712,130.95071,171.46902,-56.311607
205,101,10,135.37698,171.5703,-61.106712,135.37698,170.71518,-56.28582,130.95071,171.46902,-56.311607
202,109,10,126.52444,171.5703,-61.106712,125.04901,172.98477,-61.83962,130.95071,173.83185,-61.184074
204,101,10,126.52444,171.5703,-61.106712,130.95071,173.83185,-61.184074,130.95071,172.32414,-61.1325
214,102,10,130.95071,173.83185,-61.184074,136.85242,172.98477,-61.83962,135.37698,171.5703,-61.106712
217,100,10,130.95071,173.83185,-61.184074,135.37698,171.5703,-61.106712,130.95071,172.32414,-61.1325
209,108,10,122.09815,166.7675,-62.99598,119.88502,168.2752,-63.047554,125.04901,172.98477,-61.83962
219,108,10,122.09815,166.7675,-62.99598,125.04901,172.98477,-61.83962,126.52444,171.5703,-61.106712
202,100,10,136.85242,172.98477,-61.83962,142.01642,168.2752,-63.047554,139.80328,166.7675,-62.99598
208,104,10,136.85242,172.98477,-61.83962,139.80328,166.7675,-62.99598,135.37698,171.5703,-61.106712
203,101,10,122.09815,159.04253,-64.10076,120.62273,156.68774,-64.704735,119.88502,168.2752,-63.047554
204,100,10,122.09815,159.04253,-64.10076,119.88502,168.2752,-63.047554,122.09815,166.7675,-62.99598
218,105,10,142.01642,168.2752,-63.047554,141.2787,156.68774,-64.704735,139.80328,159.04253,-64.10076
204,104,10,142.01642,168.2752,-63.047554,139.80328,159.04253,-64.10076,139.80328,166.7675,-62.99598
208,104,10,130.95071,162.15115,-63.522583,130.95071,161.21085,-64.85946,122.09815,159.04253,-64.10076
218,108,10,130.95071,161.21085,-64.85946,120.62273,156.68774,-64.704735,122.09815,159.04253,-64.10076
203,102,10,141.2787,156.68774,-64.704735,130.95071,161.21085,-64.85946,139.80328,159.04253,-64.10076
201,103,10,130.95071,161.21085,-64.85946,130.95071,162.15115,-63.522583,139.80328,159.04253,-64.10076
203,102,10,115.45874,110.98245,-61.08769,119.1473,96.20116,-69.48081,111.77017,107.47681,-47.961884
208,109,10,115.45874,110.98245,-61.08769,111.77017,107.47681,-47.961884,108.81932,113.60086,-47.486855
211,103,10,150.13126,107.47681,-47.961884,142.75412,96.20116,-69.48081,146.44269,110.98245,-61.08769
219,100,10,150.13126,107.47681,-47.961884,146.44269,110.98245,-61.08769,153.0821,113.60086,-47.486855
204,109,10,115.45874,110.98245,-61.08769,108.81932,113.60086,-47.486855,113.98331,117.76712,-61.31978
218,103,10,108.81932,113.60086,-47.486855,106.60618,119.63167,-47.693157,113.98331,117.76712,-61.31978
219,103,10,155.29526,119.63167,-47.693157,153.0821,113.60086,-47.486855,147.91812,117.76712,-61.31978
216,101,10,153.0821,113.60086,-47.486855,146.44269,110.98245,-61.08769,147.91812,117.76712,-61.31978
209,100,10,113.98331,117.76712,-61.31978,106.60618,119.63167,-47.693157,111.032455,130.58261,-61.75817
204,104,10,106.60618,119.63167,-47.693157,101.442184,131.50685,-49.468422,111.032455,130.58261,-61.75817
211,104,10,160.45924,131.50685,-49.468422,155.29526,119.63167,-47.693157,150.86897,130.58261,-61.75817
218,109,10,155.29526,119.63167,-47.693157,147.91812,117.76712,-61.31978,150.86897,130.58261,-61.75817
217,108,10,111.032455,130.58261,-61.75817,123.573586,130.11646,-65.164825,113.98331,117.76712,-61.31978
217,100,10,123.573586,130.11646,-65.164825,122.83587,115.13265,-63.96774,113.98331,117.76712,-61.31978
201,109,10,139.06555,115.13265,-63.96774,138.32785,130.11646,-65.164825,147.91812,117.76712,-61.31978
207,102,10,138.32785,130.11646,-65.164825,150.86897,130.58261,-61.75817,147.91812,117.76712,-61.31978
203,107,10,113.98331,117.76712,-61.31978,122.83587,115.13265,-63.96774,115.45874,110.98245,-61.08769
203,107,10,122.83587,115.13265,-63.96774,119.1473,109.008606,-64.44277,115.45874,110.98245,-61.08769
202,101,10,142.75412,109.008606,-64.44277,139.06555,115.13265,-63.96774,146.44269,110.98245,-61.08769
215,103,10,139.06555,115.13265,-63.96774,147.91812,117.76712,-61.31978,146.44269,110.98245,-61.08769
202,107,10,115.45874,110.98245,-61.08769,119.1473,109.008606,-64.44277,121.36044,101.56332,-63.503563
212,101,10,115.45874,110.98245,-61.08769,121.36044,101.56332,-63.503563,119.1473,96.20116,-69.48081
201,104,10,140.54099,101.56332,-63.503563,142.75412,109.008606,-64.44277,146.44269,110.98245,-61.08769
205,105,10,140.54099,101.56332,-63.503563,146.44269,110.98245,-61.08769,142.75412,96.20116,-69.48081
208,105,10,119.1473,96.20116,-69.48081,121.36044,101.56332,-63.503563,130.95071,100.80946,-63.47777
219,100,10,119.1473,96.20116,-69.48081,130.95071,100.80946,-63.47777,130.95071,82.90347,-61.496204
200,108,10,130.95071,100.80946,-63.47777,140.54099,101.56332,-63.503563,142.75412,96.20116,-69.48081
200,108,10,130.95071,100.80946,-63.47777,142.75412,96.20116,-69.48081,130.95071,82.90347,-61.496204
214,108,10,123.573586,110.61757,-69.28945,130.95071,114.386826,-69.41839,130.95071,105.81477,-71.17872
218,107,10,123.573586,110.61757,-69.28945,130.95071,105.81477,-71.17872,120.62273,108.07633,-71.25608
215,103,10,130.95071,105.81477,-71.17872,130.95071,114.386826,-69.41839,138.32785,110.61757,-69.28945
200,109,10,130.95071,105.81477,-71.17872,138.32785,110.61757,-69.28945,141.2787,108.07633,-71.25608
201,102,10,122.09815,101.47812,-69.66133,120.62273,108.07633,-71.25608,126.52444,100.724266,-69.635544
214,101,10,120.62273,108.07633,-71.25608,130.95071,105.81477,-71.17872,126.52444,100.724266,-69.635544
207,105,10,130.95071,105.81477,-71.17872,141.2787,108.07633,-71.25608,135.37698,100.724266,-69.635544
210,105,10,141.2787,108.07633,-71.25608,139.80328,101.47812,-69.66133,135.37698,100.724266,-69.635544
204,101,10,123.573586,110.61757,-69.28945,120.62273,108.07633,-71.25608,118.40959,108.44924,-68.530754
212,102,10,123.573586,110.61757,-69.28945,118.40959,108.44924,-68.530754,122.09815,113.15881,-67.32282
211,109,10,143.49184,108.44924,-68.530754,141.2787,108.07633,-71.25608,138.32785,110.61757,-69.28945
216,100,10,143.49184,108.44924,-68.530754,138.32785,110.61757,-69.28945,139.80328,113.15881,-67.32282
208,107,10,120.62273,108.07633,-71.25608,122.09815,101.47812,-69.66133,118.40959,108.44924,-68.530754
200,104,10,122.09815,101.47812,-69.66133,120.62273,99.58948,-66.85864,118.40959,108.44924,-68.530754
213,100,10,141.2787,99.58948,-66.85864,139.80328,101.47812,-69.66133,143.49184,108.44924,-68.530754
206,103,10,139.80328,101.47812,-69.66133,141.2787,108.07633,-71.25608,143.49184,108.44924,-68.530754
218,102,10,122.09815,101.47812,-69.66133,126.52444,100.724266,-69.635544,127.262146,98.83562,-66.832855
203,106,10,122.09815,101.47812,-69.66133,127.262146,98.83562,-66.832855,120.62273,99.58948,-66.85864
211,101,10,134.63928,98.83562,-66.832855,135.37698,100.724266,-69.635544,139.80328,101.47812,-69.66133
212,106,10,134.63928,98.83562,-66.832855,139.80328,101.47812,-69.66133,141.2787,99.58948,-66.85864
207,103,10,126.52444,100.724266,-69.635544,130.95071,105.81477,-71.17872,130.95071,104.67998,-68.40182
217,107,10,126.52444,100.724266,-69.635544,130.95071,104.67998,-68.40182,127.262146,98.83562,-66.832855
216,103,10,130.95071,104.67998,-68.40182,130.95071,105.81477,-71.17872,135.37698,100.724266,-69.635544
205,100,10,130.95071,104.67998,-68.40182,135.37698,100.724266,-69.635544,134.63928,98.83562,-66.832855
209,109,10,123.573586,110.61757,-69.28945,122.09815,113.15881,-67.32282,130.95071,114.386826,-69.41839
206,100,10,122.09815,113.15881,-67.32282,130.95071,117.681915,-67.47755,130.95071,114.386826,-69.41839
217,101,10,130.95071,117.681915,-67.47755,139.80328,113.15881,-67.32282,130.95071,114.386826,-69.41839
201,102,10,139.80328,113.15881,-67.32282,138.32785,110.61757,-69.28945,130.95071,114.386826,-69.41839
218,101,10,122.09815,113.15881,-67.32282,122.83587,115.13265,-63.96774,130.95071,117.681915,-67.47755
214,106,10,122.83587,115.13265,-63.96774,130.95071,118.90192,-64.09668,130.95071,117.681915,-67.47755
203,100,10,130.95071,118.90192,-64.09668,139.06555,115.13265,-63.96774,130.95071,117.681915,-67.47755
219,100,10,139.06555,115.13265,-63.96774,139.80328,113.15881,-67.32282,130.95071,117.681915,-67.47755
206,101,10,127.262146,98.83562,-66.832855,130.95071,104.67998,-68.40182,130.95071,100.80946,-63.47777
214,108,10,130.95071,104.67998,-68.40182,130.95071,105.993195,-64.339615,130.95071,100.80946,-63.47777
206,103,10,130.95071,105.993195,-64.339615,130.95071,104.67998,-68.40182,130.95071,100.80946,-63.47777
210,107,10,130.95071,104.67998,-68.40182,134.63928,98.83562,-66.832855,130.95071,100.80946,-63.47777
214,103,10,120.62273,99.58948,-66.85864,127.262146,98.83562,-66.832855,121.36044,101.56332,-63.503563
209,105,10,127.262146,98.83562,-66.832855,130.95071,100.80946,-63.47777,121.36044,101.56332,-63.503563
214,107,10,130.95071,100.80946,-63.47777,134.63928,98.83562,-66.832855,140.54099,101.56332,-63.503563
211,102,10,134.63928,98.83562,-66.832855,141.2787,99.58948,-66.85864,140.54099,101.56332,-63.503563
214,109,10,118.40959,108.44924,-68.530754,120.62273,99.58948,-66.85864,119.1473,109.008606,-64.44277
205,105,10,120.62273,99.58948,-66.85864,121.36044,101.56332,-63.503563,119.1473,109.008606,-64.44277
201,103,10,140.54099,101.56332,-63.503563,141.2787,99.58948,-66.85864,142.75412,109.008606,-64.44277
217,100,10,141.2787,99.58948,-66.85864,143.49184,108.44924,-68.530754,142.75412,109.008606,-64.44277
209,105,10,122.09815,113.15881,-67.32282,118.40959,108.44924,-68.530754,119.1473,109.008606,-64.44277
212,106,10,122.09815,113.15881,-67.32282,119.1473,109.008606,-64.44277,122.83587,115.13265,-63.96774
212,105,10,142.75412,109.008606,-64.44277,143.49184,108.44924,-68.530754,139.80328,113.15881,-67.32282
214,109,10,142.75412,109.008606,-64.44277,139.80328,113.15881,-67.32282,139.06555,115.13265,-63.96774
214,104,10,119.88502,153.67233,-64.601585,120.62273,156.68774,-64.704735,130.95071,152.91849,-64.5758
216,100,10,120.62273,156.68774,-64.704735,130.95071,161.21085,-64.85946,130.95071,152.91849,-64.5758
216,103,10,130.95071,161.21085,-64.85946,141.2787,156.68774,-64.704735,130.95071,152.91849,-64.5758
215,105,10,141.2787,156.68774,-64.704735,142.01642,153.67233,-64.601585,130.95071,152.91849,-64.5758
214,102,10,130.95071,130.11646,-65.164825,123.573586,130.11646,-65.164825,130.95071,152.91849,-64.5758
201,104,10,123.573586,130.11646,-65.164825,119.88502,153.67233,-64.601585,130.95071,152.91849,-64.5758
200,106,10,142.01642,153.67233,-64.601585,138.32785,130.11646,-65.164825,130.95071,152.91849,-64.5758
213,107,10,138.32785,130.11646,-65.164825,130.95071,130.11646,-65.164825,130.95071,152.91849,-64.5758
211,109,10,130.95071,130.11646,-65.164825,130.95071,118.90192,-64.09668,123.573586,130.11646,-65.164825
206,106,10,130.95071,118.90192,-64.09668,122.83587,115.13265,-63.96774,123.573586,130.11646,-65.164825
206,101,10,139.06555,115.13265,-63.96774,130.95071,118.90192,-64.09668,138.32785,130.11646,-65.164825
213,107,10,130.95071,118.90192,-64.09668,130.95071,130.11646,-65.164825,138.32785,130.11646,-65.164825
215,102,10,107.34389,155.73941,-60.56517,105.86846,167.32687,-58.907993,120.62273,156.68774,-64.704735
208,103,10,107.34389,155.73941,-60.56517,120.62273,156.68774,-64.704735,119.88502,153.67233,-64.601585
217,101,10,141.2787,156.68774,-64.704735,156.03296,167.32687,-58.907993,154.55754,155.73941,-60.56517
206,106,10,141.2787,156.68774,-64.704735,154.55754,155.73941,-60.56517,142.01642,153.67233,-64.601585
212,101,10,119.88502,153.67233,-64.601585,123.573586,130.11646,-65.164825,111.032455,130.58261,-61.75817
212,104,10,119.88502,153.67233,-64.601585,111.032455,130.58261,-61.75817,107.34389,155.73941,-60.56517
209,103,10,150.86897,130.58261,-61.75817,138.32785,130.11646,-65.164825,142.01642,153.67233,-64.601585
218,101,10,150.86897,130.58261,-61.75817,142.01642,153.67233,-64.601585,154.55754,155.73941,-60.56517
212,100,10,108.81932,176.746,-56.492123,119.88502,168.2752,-63.047554,105.86846,167.32687,-58.907993
212,106,10,119.88502,168.2752,-63.047554,120.62273,156.68774,-64.704735,105.86846,167.32687,-58.907993
213,103,10,141.2787,156.68774,-64.704735,142.01642,168.2752,-63.047554,156.03296,167.32687,-58.907993
208,102,10,142.01642,168.2752,-63.047554,153.0821,176.746,-56.492123,156.03296,167.32687,-58.907993
205,107,10,115.45874,178.2537,-56.543697,125.04901,172.98477,-61.83962,119.88502,168.2752,-63.047554
218,105,10,115.45874,178.2537,-56.543697,119.88502,168.2752,-63.047554,108.81932,176.746,-56.492123
218,106,10,142.01642,168.2752,-63.047554,136.85242,172.98477,-61.83962,146.44269,178.2537,-56.543697
207,106,10,142.01642,168.2752,-63.047554,146.44269,178.2537,-56.543697,153.0821,176.746,-56.492123
218,108,10,130.95071,179.66818,-57.276604,130.95071,173.83185,-61.184074,125.04901,172.98477,-61.83962
201,107,10,130.95071,179.66818,-57.276604,125.04901,172.98477,-61.83962,115.45874,178.2537,-56.543697
219,103,10,136.85242,172.98477,-61.83962,130.95071,173.83185,-61.184074,130.95071,179.66818,-57.276604
207,105,10,136.85242,172.98477,-61.83962,130.95071,179.66818,-57.276604,146.44269,178.2537,-56.543697
210,100,10,118.40959,66.69967,-63.67999,115.45874,73.57756,-63.230747,130.95071,66.60644,-64.36132
219,109,10,115.45874,73.57756,-63.230747,130.95071,82.90347,-61.496204,130.95071,66.60644,-64.36132
208,109,10,130.95071,82.90347,-61.496204,146.44269,73.57756,-63.230747,130.95071,66.60644,-64.36132
203,100,10,146.44269,73.57756,-63.230747,143.49184,66.69967,-63.67999,130.95071,66.60644,-64.36132
218,108,10,130.95071,66.60644,-64.36132,130.95071,52.38451,-68.66646,119.1473,57.560215,-64.051865
214,106,10,130.95071,66.60644,-64.36132,119.1473,57.560215,-64.051865,118.40959,66.69967,-63.67999
202,101,10,142.75412,57.560215,-64.051865,130.95071,52.38451,-68.66646,130.95071,66.60644,-64.36132
217,103,10,142.75412,57.560215,-64.051865,130.95071,66.60644,-64.36132,143.49184,66.69967,-63.67999
216,108,10,130.95071,52.38451,-68.66646,121.36044,44.566307,-70.452576,119.1473,57.560215,-64.051865
219,107,10,121.36044,44.566307,-70.452576,115.45874,46.91306,-64.37217,119.1473,57.560215,-64.051865
208,103,10,146.44269,46.91306,-64.37217,140.54099,44.566307,-70.452576,142.75412,57.560215,-64.051865
208,103,10,140.54099,44.566307,-70.452576,130.95071,52.38451,-68.66646,142.75412,57.560215,-64.051865
203,104,10,130.95071,82.90347,-61.496204,115.45874,73.57756,-63.230747,111.77017,78.1939,-62.704144
202,101,10,130.95071,82.90347,-61.496204,111.77017,78.1939,-62.704144,119.1473,96.20116,-69.48081
216,105,10,150.13126,78.1939,-62.704144,146.44269,73.57756,-63.230747,130.95071,82.90347,-61.496204
214,103,10,150.13126,78.1939,-62.704144,130.95071,82.90347,-61.496204,142.75412,96.20116,-69.48081
211,107,10,93.32734,92.60229,-57.036343,119.1473,96.20116,-69.48081,111.77017,78.1939,-62.704144
207,109,10,93.32734,92.60229,-57.036343,111.77017,78.1939,-62.704144,95.54048,86.19856,-59.555363
212,105,10,150.13126,78.1939,-62.704144,142.75412,96.20116,-69.48081,168.5741,92.60229,-57.036343
200,105,10,150.13126,78.1939,-62.704144,168.5741,92.60229,-57.036343,166.36095,86.19856,-59.555363
207,107,10,72.67137,83.36158,-52.613113,93.32734,92.60229,-57.036343,84.47478,82.04836,-56.675312
203,104,10,93.32734,92.60229,-57.036343,95.54048,86.19856,-59.555363,84.47478,82.04836,-56.675312
217,100,10,166.36095,86.19856,-59.555363,168.5741,92.60229,-57.036343,177.42665,82.04836,-56.675312
217,107,10,168.5741,92.60229,-57.036343,189.23006,83.36158,-52.613113,177.42665,82.04836,-56.675312
218,108,10,62.343384,69.31807,-50.079155,72.67137,83.36158,-52.613113,71.933655,70.26641,-54.218716
209,103,10,72.67137,83.36158,-52.613113,84.47478,82.04836,-56.675312,71.933655,70.26641,-54.218716
204,108,10,177.42665,82.04836,-56.675312,189.23006,83.36158,-52.613113,189.96777,70.26641,-54.218716
214,103,10,189.23006,83.36158,-52.613113,199.55804,69.31807,-50.079155,189.96777,70.26641,-54.218716
206,108,10,60.867966,52.080734,-54.281143,62.343384,69.31807,-50.079155,70.45824,59.712482,-53.85769
210,101,10,62.343384,69.31807,-50.079155,71.933655,70.26641,-54.218716,70.45824,59.712482,-53.85769
207,102,10,189.96777,70.26641,-54.218716,199.55804,69.31807,-50.079155,191.44319,59.712482,-53.85769
210,109,10,199.55804,69.31807,-50.079155,201.03348,52.080734,-54.281143,191.44319,59.712482,-53.85769
219,109,10,66.03195,47.472427,-60.284184,60.867966,52.080734,-54.281143,74.14679,51.987507,-54.962475
218,106,10,60.867966,52.080734,-54.281143,70.45824,59.712482,-53.85769,74.14679,51.987507,-54.962475
209,109,10,191.44319,59.712482,-53.85769,201.03348,52.080734,-54.281143,187.75464,51.987507,-54.962475
203,108,10,201.03348,52.080734,-54.281143,195.86948,47.472427,-60.284184,187.75464,51.987507,-54.962475
214,103,10,89.63877,33.817894,-65.977776,66.03195,47.472427,-60.284184,90.37649,45.304096,-59.52549
205,105,10,66.03195,47.472427,-60.284184,74.14679,51.987507,-54.962475,90.37649,45.304096,-59.52549
209,101,10,187.75464,51.987507,-54.962475,195.86948,47.472427,-60.284184,171.52493,45.304096,-59.52549
205,103,10,195.86948,47.472427,-60.284184,172.26265,33.817894,-65.977776,171.52493,45.304096,-59.52549
200,107,10,101.442184,24.30553,-69.074974,89.63877,33.817894,-65.977776,99.96676,41.255154,-61.440544
214,102,10,89.63877,33.817894,-65.977776,90.37649,45.304096,-59.52549,99.96676,41.255154,-61.440544
212,104,10,171.52493,45.304096,-59.52549,172.26265,33.817894,-65.977776,161.93466,41.255154,-61.440544
212,109,10,172.26265,33.817894,-65.977776,160.45924,24.30553,-69.074974,161.93466,41.255154,-61.440544
206,101,10,101.442184,24.30553,-69.074974,99.96676,41.255154,-61.440544,107.34389,41.822548,-62.828995
202,106,10,101.442184,24.30553,-69.074974,107.34389,41.822548,-62.828995,111.77017,26.38063,-70.515
208,106,10,154.55754,41.822548,-62.828995,161.93466,41.255154,-61.440544,160.45924,24.30553,-69.074974
212,103,10,154.55754,41.822548,-62.828995,160.45924,24.30553,-69.074974,150.13126,26.38063,-70.515
211,105,10,111.77017,26.38063,-70.515,107.34389,41.822548,-62.828995,121.36044,44.566307,-70.452576
219,100,10,107.34389,41.822548,-62.828995,115.45874,46.91306,-64.37217,121.36044,44.566307,-70.452576
210,101,10,146.44269,46.91306,-64.37217,154.55754,41.822548,-62.828995,140.54099,44.566307,-70.452576
216,102,10,154.55754,41.822548,-62.828995,150.13126,26.38063,-70.515,140.54099,44.566307,-70.452576
211,101,10,130.95071,52.38451,-68.66646,130.95071,45.778267,-61.595272,121.36044,44.566307,-70.452576
215,100,10,130.95071,45.778267,-61.595272,125.04901,39.65422,-62.0703,121.36044,44.566307,-70.452576
206,100,10,136.85242,39.65422,-62.0703,130.95071,45.778267,-61.595272,140.54099,44.566307,-70.452576
208,103,10,130.95071,45.778267,-61.595272,130.95071,52.38451,-68.66646,140.54099,44.566307,-70.452576
216,101,10,121.36044,44.566307,-70.452576,125.04901,39.65422,-62.0703,111.77017,26.38063,-70.515
210,104,10,125.04901,39.65422,-62.0703,116.19645,17.699287,-62.003788,111.77017,26.38063,-70.515
211,101,10,145.70499,17.699287,-62.003788,136.85242,39.65422,-62.0703,150.13126,26.38063,-70.515
207,108,10,136.85242,39.65422,-62.0703,140.54099,44.566307,-70.452576,150.13126,26.38063,-70.515
205,105,10,111.77017,26.38063,-70.515,116.19645,17.699287,-62.003788,101.442184,24.30553,-69.074974
211,106,10,116.19645,17.699287,-62.003788,100.704475,14.209709,-59.830856,101.442184,24.30553,-69.074974
203,102,10,161.19696,14.209709,-59.830856,145.70499,17.699287,-62.003788,160.45924,24.30553,-69.074974
200,107,10,145.70499,17.699287,-62.003788,150.13126,26.38063,-70.515,160.45924,24.30553,-69.074974
215,100,10,101.442184,24.30553,-69.074974,100.704475,14.209709,-59.830856,84.47478,29.846115,-56.258625
215,102,10,101.442184,24.30553,-69.074974,84.47478,29.846115,-56.258625,89.63877,33.817894,-65.977776
204,106,10,177.42665,29.846115,-56.258625,161.19696,14.209709,-59.830856,160.45924,24.30553,-69.074974
209,107,10,177.42665,29.846115,-56.258625,160.45924,24.30553,-69.074974,172.26265,33.817894,-65.977776
215,102,10,89.63877,33.817894,-65.977776,84.47478,29.846115,-56.258625,66.03195,47.472427,-60.284184
215,100,10,84.47478,29.846115,-56.258625,63.818817,41.89972,-51.19479,66.03195,47.472427,-60.284184
207,101,10,198.08261,41.89972,-51.19479,177.42665,29.846115,-56.258625,195.86948,47.472427,-60.284184
208,102,10,177.42665,29.846115,-56.258625,172.26265,33.817894,-65.977776,195.86948,47.472427,-60.284184
206,109,10,66.03195,47.472427,-60.284184,63.818817,41.89972,-51.19479,60.867966,52.080734,-54.281143
213,109,10,63.818817,41.89972,-51.19479,49.80226,47.54959,-48.64998,60.867966,52.080734,-54.281143
201,100,10,212.09917,47.54959,-48.64998,198.08261,41.89972,-51.19479,201.03348,52.080734,-54.281143
216,103,10,198.08261,41.89972,-51.19479,195.86948,47.472427,-60.284184,201.03348,52.080734,-54.281143
211,103,10,60.867966,52.080734,-54.281143,49.80226,47.54959,-48.64998,62.343384,69.31807,-50.079155
200,107,10,49.80226,47.54959,-48.64998,52.753113,76.45959,-36.633045,62.343384,69.31807,-50.079155
212,100,10,209.14832,76.45959,-36.633045,212.09917,47.54959,-48.64998,199.55804,69.31807,-50.079155
210,103,10,212.09917,47.54959,-48.64998,201.03348,52.080734,-54.281143,199.55804,69.31807,-50.079155
202,103,10,62.343384,69.31807,-50.079155,52.753113,76.45959,-36.633045,71.19594,93.433304,-45.427925
212,103,10,62.343384,69.31807,-50.079155,71.19594,93.433304,-45.427925,72.67137,83.36158,-52.613113
219,101,10,190.70549,93.433304,-45.427925,209.14832,76.45959,-36.633045,199.55804,69.31807,-50.079155
201,107,10,190.70549,93.433304,-45.427925,199.55804,69.31807,-50.079155,189.23006,83.36158,-52.613113
207,108,10,72.67137,83.36158,-52.613113,71.19594,93.433304,-45.427925,93.32734,92.60229,-57.036343
217,107,10,71.19594,93.433304,-45.427925,89.63877,103.326614,-45.081833,93.32734,92.60229,-57.036343
200,102,10,172.26265,103.326614,-45.081833,190.70549,93.433304,-45.427925,168.5741,92.60229,-57.036343
219,103,10,190.70549,93.433304,-45.427925,189.23006,83.36158,-52.613113,168.5741,92.60229,-57.036343
203,106,10,93.32734,92.60229,-57.036343,89.63877,103.326614,-45.081833,111.77017,107.47681,-47.961884
205,102,10,93.32734,92.60229,-57.036343,111.77017,107.47681,-47.961884,119.1473,96.20116,-69.48081
214,100,10,150.13126,107.47681,-47.961884,172.26265,103.326614,-45.081833,168.5741,92.60229,-57.036343
212,103,10,150.13126,107.47681,-47.961884,168.5741,92.60229,-57.036343,142.75412,96.20116,-69.48081
209,106,10,107.34389,155.73941,-60.56517,111.032455,130.58261,-61.75817,101.442184,131.50685,-49.468422
201,100,10,107.34389,155.73941,-60.56517,101.442184,131.50685,-49.468422,97.75362,156.38397,-50.319416
214,106,10,160.45924,131.50685,-49.468422,150.86897,130.58261,-61.75817,154.55754,155.73941,-60.56517
208,108,10,160.45924,131.50685,-49.468422,154.55754,155.73941,-60.56517,164.14781,156.38397,-50.319416
219,100,10,105.86846,167.32687,-58.907993,107.34389,155.73941,-60.56517,97.75362,156.38397,-50.319416
202,109,10,105.86846,167.32687,-58.907993,97.75362,156.38397,-50.319416,96.27819,175.69641,-47.557453
203,101,10,164.14781,156.38397,-50.319416,154.55754,155.73941,-60.56517,156.03296,167.32687,-58.907993
213,105,10,164.14781,156.38397,-50.319416,156.03296,167.32687,-58.907993,165.62323,175.69641,-47.557453
200,105,10,108.81932,176.746,-56.492123,105.86846,167.32687,-58.907993,96.27819,175.69641,-47.557453
206,100,10,108.81932,176.746,-56.492123,96.27819,175.69641,-47.557453,99.96676,181.06659,-47.056637
215,103,10,165.62323,175.69641,-47.557453,156.03296,167.32687,-58.907993,153.0821,176.746,-56.492123
207,109,10,165.62323,175.69641,-47.557453,153.0821,176.746,-56.492123,161.93466,181.06659,-47.056637
219,106,10,115.45874,178.2537,-56.543697,108.81932,176.746,-56.492123,113.98331,182.95523,-49.859325
205,106,10,108.81932,176.746,-56.492123,99.96676,181.06659,-47.056637,113.98331,182.95523,-49.859325
214,108,10,161.93466,181.06659,-47.056637,153.0821,176.746,-56.492123,147.91812,182.95523,-49.859325
219,101,10,153.0821,176.746,-56.492123,146.44269,178.2537,-56.543697,147.91812,182.95523,-49.859325
210,100,10,130.95071,179.66818,-57.276604,115.45874,178.2537,-56.543697,130.95071,184.18326,-51.95489
204,102,10,115.45874,178.2537,-56.543697,113.98331,182.95523,-49.859325,130.95071,184.18326,-51.95489
213,106,10,147.91812,182.95523,-49.859325,146.44269,178.2537,-56.543697,130.95071,184.18326,-51.95489
201,106,10,146.44269,178.2537,-56.543697,130.95071,179.66818,-57.276604,130.95071,184.18326,-51.95489
214,102,10,85.95021,63.497803,-64.9395,86.68793,63.684258,-63.57684,89.63877,71.12955,-64.516045
211,109,10,85.95021,63.497803,-64.9395,89.63877,71.12955,-64.516045,88.90106,71.696945,-65.904495
207,102,10,172.26265,71.12955,-64.516045,175.2135,63.684258,-63.57684,175.95122,63.497803,-64.9395
209,104,10,172.26265,71.12955,-64.516045,175.95122,63.497803,-64.9395,173.00037,71.696945,-65.904495
216,107,10,88.90106,71.696945,-65.904495,89.63877,71.12955,-64.516045,97.75362,73.9585,-65.98186
209,106,10,88.90106,71.696945,-65.904495,97.75362,73.9585,-65.98186,97.75362,75.18652,-68.07743
201,108,10,164.14781,73.9585,-65.98186,172.26265,71.12955,-64.516045,173.00037,71.696945,-65.904495
211,100,10,164.14781,73.9585,-65.98186,173.00037,71.696945,-65.904495,164.14781,75.18652,-68.07743
209,108,10,97.75362,75.18652,-68.07743,97.75362,73.9585,-65.98186,105.13075,70.75664,-67.24137
214,101,10,97.75362,75.18652,-68.07743,105.13075,70.75664,-67.24137,105.86846,71.23081,-69.31115
214,107,10,156.77068,70.75664,-67.24137,164.14781,73.9585,-65.98186,164.14781,75.18652,-68.07743
207,102,10,156.77068,70.75664,-67.24137,164.14781,75.18652,-68.07743,156.03296,71.23081,-69.31115
215,106,10,105.86846,71.23081,-69.31115,105.13075,70.75664,-67.24137,108.081604,63.21812,-66.98349
210,104,10,105.86846,71.23081,-69.31115,108.081604,63.21812,-66.98349,109.55703,62.93844,-69.02749
205,105,10,153.81982,63.21812,-66.98349,156.77068,70.75664,-67.24137,156.03296,71.23081,-69.31115
202,100,10,153.81982,63.21812,-66.98349,156.03296,71.23081,-69.31115,152.34439,62.93844,-69.02749
215,107,10,109.55703,62.93844,-69.02749,108.081604,63.21812,-66.98349,105.86846,53.892212,-68.71803
218,101,10,108.081604,63.21812,-66.98349,105.13075,54.92575,-66.69983,105.86846,53.892212,-68.71803
219,103,10,156.77068,54.92575,-66.69983,153.81982,63.21812,-66.98349,156.03296,53.892212,-68.71803
212,107,10,153.81982,63.21812,-66.98349,152.34439,62.93844,-69.02749,156.03296,53.892212,-68.71803
203,101,10,105.86846,53.892212,-68.71803,105.13075,54.92575,-66.69983,97.75362,50.30941,-67.22643
207,102,10,105.13075,54.92575,-66.69983,97.75362,52.096794,-65.23402,97.75362,50.30941,-67.22643
219,109,10,164.14781,52.096794,-65.23402,156.77068,54.92575,-66.69983,164.14781,50.30941,-67.22643
205,104,10,156.77068,54.92575,-66.69983,156.03296,53.892212,-68.71803,164.14781,50.30941,-67.22643
216,100,10,97.75362,50.30941,-67.22643,97.75362,52.096794,-65.23402,88.90106,54.358353,-65.31138
212,105,10,97.75362,52.096794,-65.23402,89.63877,55.29866,-63.974503,88.90106,54.358353,-65.31138
214,109,10,172.26265,55.29866,-63.974503,164.14781,52.096794,-65.23402,173.00037,54.358353,-65.31138
216,105,10,164.14781,52.096794,-65.23402,164.14781,50.30941,-67.22643,173.00037,54.358353,-65.31138
212,103,10,88.90106,54.358353,-65.31138,89.63877,55.29866,-63.974503,85.95021,63.497803,-64.9395
219,108,10,89.63877,55.29866,-63.974503,86.68793,63.684258,-63.57684,85.95021,63.497803,-64.9395
219,101,10,175.2135,63.684258,-63.57684,172.26265,55.29866,-63.974503,175.95122,63.497803,-64.9395
218,107,10,172.26265,55.29866,-63.974503,173.00037,54.358353,-65.31138,175.95122,63.497803,-64.9395
216,108,10,77.83536,64.70976,-56.082195,86.68793,63.684258,-63.57684,83.73706,50.20012,-56.95489
219,108,10,86.68793,63.684258,-63.57684,89.63877,55.29866,-63.974503,83.73706,50.20012,-56.95489
205,105,10,172.26265,55.29866,-63.974503,175.2135,63.684258,-63.57684,178.16437,50.20012,-56.95489
211,104,10,175.2135,63.684258,-63.57684,184.06607,64.70976,-56.082195,178.16437,50.20012,-56.95489
213,109,10,71.933655,66.01495,-46.54356,77.83536,64.70976,-56.082195,79.31079,46.982193,-47.261528
213,106,10,77.83536,64.70976,-56.082195,83.73706,50.20012,-56.95489,79.31079,46.982193,-47.261528
218,109,10,178.16437,50.20012,-56.95489,184.06607,64.70976,-56.082195,182.59064,46.982193,-47.261528
201,107,10,184.06607,64.70976,-56.082195,189.96777,66.01495,-46.54356,182.59064,46.982193,-47.261528
200,107,10,79.31079,46.982193,-47.261528,83.73706,50.20012,-56.95489,97.75362,38.97754,-50.41031
206,107,10,83.73706,50.20012,-56.95489,97.75362,43.796394,-59.473915,97.75362,38.97754,-50.41031
214,101,10,164.14781,43.796394,-59.473915,178.16437,50.20012,-56.95489,164.14781,38.97754,-50.41031
204,103,10,178.16437,50.20012,-56.95489,182.59064,46.982193,-47.261528,164.14781,38.97754,-50.41031
211,102,10,83.73706,50.20012,-56.95489,89.63877,55.29866,-63.974503,97.75362,43.796394,-59.473915
204,105,10,89.63877,55.29866,-63.974503,97.75362,52.096794,-65.23402,97.75362,43.796394,-59.473915
206,101,10,164.14781,52.096794,-65.23402,172.26265,55.29866,-63.974503,164.14781,43.796394,-59.473915
205,101,10,172.26265,55.29866,-63.974503,178.16437,50.20012,-56.95489,164.14781,43.796394,-59.473915
219,102,10,97.75362,43.796394,-59.473915,97.75362,52.096794,-65.23402,111.77017,49.547523,-61.72421
219,102,10,97.75362,52.096794,-65.23402,105.13075,54.92575,-66.69983,111.77017,49.547523,-61.72421
215,105,10,156.77068,54.92575,-66.69983,164.14781,52.096794,-65.23402,150.13126,49.547523,-61.72421
213,104,10,164.14781,52.096794,-65.23402,164.14781,43.796394,-59.473915,150.13126,49.547523,-61.72421
209,103,10,97.75362,38.97754,-50.41031,97.75362,43.796394,-59.473915,116.19645,46.143147,-53.39351
202,104,10,97.75362,43.796394,-59.473915,111.77017,49.547523,-61.72421,116.19645,46.143147,-53.39351
207,101,10,150.13126,49.547523,-61.72421,164.14781,43.796394,-59.473915,145.70499,46.143147,-53.39351
204,103,10,164.14781,43.796394,-59.473915,164.14781,38.97754,-50.41031,145.70499,46.143147,-53.39351
218,105,10,116.19645,46.143147,-53.39351,111.77017,49.547523,-61.72421,123.573586,64.89622,-54.719532
202,106,10,111.77017,49.547523,-61.72421,117.671875,63.870712,-62.214176,123.573586,64.89622,-54.719532
214,103,10,144.22955,63.870712,-62.214176,150.13126,49.547523,-61.72421,138.32785,64.89622,-54.719532
218,102,10,150.13126,49.547523,-61.72421,145.70499,46.143147,-53.39351,138.32785,64.89622,-54.719532
210,101,10,111.77017,49.547523,-61.72421,105.13075,54.92575,-66.69983,108.081604,63.21812,-66.98349
215,108,10,111.77017,49.547523,-61.72421,108.081604,63.21812,-66.98349,117.671875,63.870712,-62.214176
205,100,10,153.81982,63.21812,-66.98349,156.77068,54.92575,-66.69983,150.13126,49.547523,-61.72421
200,102,10,153.81982,63.21812,-66.98349,150.13126,49.547523,-61.72421,144.22955,63.870712,-62.214176
205,109,10,117.671875,63.870712,-62.214176,108.081604,63.21812,-66.98349,111.77017,78.1939,-62.704144
210,100,10,108.081604,63.21812,-66.98349,105.13075,70.75664,-67.24137,111.77017,78.1939,-62.704144
210,102,10,156.77068,70.75664,-67.24137,153.81982,63.21812,-66.98349,150.13126,78.1939,-62.704144
211,100,10,153.81982,63.21812,-66.98349,144.22955,63.870712,-62.214176,150.13126,78.1939,-62.704144
212,106,10,123.573586,64.89622,-54.719532,117.671875,63.870712,-62.214176,116.19645,83.081894,-54.65711
208,109,10,117.671875,63.870712,-62.214176,111.77017,78.1939,-62.704144,116.19645,83.081894,-54.65711
217,106,10,150.13126,78.1939,-62.704144,144.22955,63.870712,-62.214176,145.70499,83.081894,-54.65711
207,107,10,144.22955,63.870712,-62.214176,138.32785,64.89622,-54.719532,145.70499,83.081894,-54.65711
203,104,10,116.19645,83.081894,-54.65711,111.77017,78.1939,-62.704144,97.75362,84.5044,-60.86645
207,109,10,116.19645,83.081894,-54.65711,97.75362,84.5044,-60.86645,97.75362,90.993324,-52.18966
215,103,10,164.14781,84.5044,-60.86645,150.13126,78.1939,-62.704144,145.70499,83.081894,-54.65711
204,103,10,164.14781,84.5044,-60.86645,145.70499,83.081894,-54.65711,164.14781,90.993324,-52.18966
208,100,10,111.77017,78.1939,-62.704144,105.13075,70.75664,-67.24137,97.75362,73.9585,-65.98186
203,106,10,111.77017,78.1939,-62.704144,97.75362,73.9585,-65.98186,97.75362,84.5044,-60.86645
201,102,10,164.14781,73.9585,-65.98186,156.77068,70.75664,-67.24137,150.13126,78.1939,-62.704144
219,103,10,164.14781,73.9585,-65.98186,150.13126,78.1939,-62.704144,164.14781,84.5044,-60.86645
203,104,10,97.75362,84.5044,-60.86645,97.75362,73.9585,-65.98186,89.63877,71.12955,-64.516045
208,106,10,97.75362,84.5044,-60.86645,89.63877,71.12955,-64.516045,83.73706,78.8465,-57.934826
213,109,10,172.26265,71.12955,-64.516045,164.14781,73.9585,-65.98186,164.14781,84.5044,-60.86645
213,102,10,172.26265,71.12955,-64.516045,164.14781,84.5044,-60.86645,178.16437,78.8465,-57.934826
213,101,10,97.75362,90.993324,-52.18966,97.75362,84.5044,-60.86645,83.73706,78.8465,-57.934826
205,105,10,97.75362,90.993324,-52.18966,83.73706,78.8465,-57.934826,79.31079,83.920944,-48.525127
215,106,10,178.16437,78.8465,-57.934826,164.14781,84.5044,-60.86645,164.14781,90.993324,-52.18966
206,109,10,178.16437,78.8465,-57.934826,164.14781,90.993324,-52.18966,182.59064,83.920944,-48.525127
201,106,10,79.31079,83.920944,-48.525127,83.73706,78.8465,-57.934826,77.83536,64.70976,-56.082195
218,108,10,79.31079,83.920944,-48.525127,77.83536,64.70976,-56.082195,71.933655,66.01495,-46.54356
219,101,10,184.06607,64.70976,-56.082195,178.16437,78.8465,-57.934826,182.59064,83.920944,-48.525127
204,104,10,184.06607,64.70976,-56.082195,182.59064,83.920944,-48.525127,189.96777,66.01495,-46.54356
203,104,10,83.73706,78.8465,-57.934826,89.63877,71.12955,-64.516045,86.68793,63.684258,-63.57684
202,102,10,83.73706,78.8465,-57.934826,86.68793,63.684258,-63.57684,77.83536,64.70976,-56.082195
212,100,10,175.2135,63.684258,-63.57684,172.26265,71.12955,-64.516045,178.16437,78.8465,-57.934826
212,108,10,175.2135,63.684258,-63.57684,178.16437,78.8465,-57.934826,184.06607,64.70976,-56.082195
0.39056706,-0.13019001,-0.9113221